1.0297976732254028
1.0403372049331665
1.0415557622909546
1.0539748668670654
1.0685900449752808
1.0892393589019775
1.068481206893921
1.109745979309082
1.0672136545181274
1.044215440750122
1.037827491760254
1.035502314567566
1.0725107192993164
1.1008906364440918
1.0873481035232544
1.0439813137054443
1.0095103979110718
1.0193257331848145
1.0381964445114136
1.0441670417785645
1.0806936025619507
1.0866730213165283
1.08322012424469
1.078493356704712
1.105337142944336
1.0961835384368896
1.1079760789871216
1.1517999172210693
1.0890101194381714
1.1048862934112549
1.0751245021820068
1.0641779899597168
1.0834813117980957
1.1024878025054932
1.10194730758667
1.1170152425765991
1.0743881464004517
1.0737707614898682
1.1079282760620117
1.0662599802017212
1.044004201889038
1.0402655601501465
1.0700889825820923
1.0610159635543823
1.0579133033752441
1.0867884159088135
1.0797653198242188
1.0769097805023193
1.047180414199829
1.0440089702606201
1.0812678337097168
1.0900243520736694
1.1278560161590576
1.0989203453063965
1.0582894086837769
1.029610276222229
1.0223057270050049
1.0151220560073853
0.9846872687339783
1.0083755254745483
1.0754166841506958
1.0859626531600952
1.0668830871582031
1.0927258729934692
1.106629490852356
1.0869711637496948
1.0863171815872192
1.0986003875732422
1.0856690406799316
1.088374376296997
1.0829195976257324
1.102708101272583
1.1032041311264038
1.0910061597824097
1.0727697610855103
1.0578535795211792
1.0898199081420898
1.055524230003357
1.0576353073120117
1.0594993829727173
1.0373458862304688
1.0568163394927979
1.0989106893539429
1.0990772247314453
1.1258885860443115
1.1470332145690918
1.0715649127960205
1.0447595119476318
1.052119255065918
1.0660011768341064
1.0584903955459595
1.0777440071105957
1.07295823097229
1.0851081609725952
1.0702595710754395
1.0746392011642456
1.1166682243347168
1.13023042678833
1.1216496229171753
1.1160279512405396
1.0992878675460815
1.1352633237838745
1.1469842195510864
1.1624729633331299
1.1479403972625732
1.094387173652649
1.093163251876831
1.0689079761505127
1.0536439418792725
1.0713574886322021
1.0498709678649902
1.0427576303482056
1.050371527671814
1.0833697319030762
1.0760583877563477
1.0663561820983887
1.1005808115005493
1.116454005241394
1.1288002729415894
1.134300947189331
1.1174732446670532
1.099339485168457
1.0788416862487793
1.0672887563705444
1.0614300966262817
1.0737311840057373
1.0961284637451172
1.109531283378601
1.1055926084518433
1.1062941551208496
1.1159415245056152
1.1375240087509155
1.1531333923339844
1.144577980041504
1.1355069875717163
1.148773193359375
1.1768769025802612
1.1406888961791992
1.14888596534729
1.137582778930664
1.1307860612869263
1.1021279096603394
1.078011393547058
1.087615728378296
1.1262972354888916
1.1115350723266602
1.1068934202194214
1.0923352241516113
1.0715614557266235
1.08717679977417
1.0630552768707275
1.0673978328704834
1.0669564008712769
1.1118392944335938
1.0862051248550415
1.0872132778167725
1.12055242061615
1.1311700344085693
1.1045494079589844
1.0887997150421143
1.055914044380188
1.04866361618042
1.0639547109603882
1.0662145614624023
1.0279349088668823
1.0390046834945679
1.0042414665222168
1.0029250383377075
1.0383623838424683
1.034898281097412
1.0647610425949097
1.020371913909912
1.0532320737838745
1.0854220390319824
1.0555188655853271
1.041934609413147
1.0439828634262085
0.9975835084915161
1.0337374210357666
1.0603842735290527
1.0719913244247437
1.0268281698226929
0.9909158945083618
0.951671838760376
0.9729056358337402
0.9914333820343018
0.9974889755249023
1.074952483177185
1.0508756637573242
1.0504182577133179
1.03911554813385
1.0221902132034302
1.0341598987579346
1.0476826429367065
1.0395783185958862
1.0676130056381226
1.023698329925537
1.0503276586532593
1.0981913805007935
1.0802197456359863
1.0672165155410767
1.0525615215301514
1.01435387134552
0.9996012449264526
1.004102349281311
0.9535142779350281
0.9570044875144958
0.9637329578399658
1.02972412109375
1.0503801107406616
1.0290299654006958
1.0201129913330078
1.002304196357727
1.0332404375076294
1.0352314710617065
1.022599458694458
1.0110173225402832
0.9947837591171265
1.0099122524261475
1.0237677097320557
1.0342570543289185
1.0291131734848022
1.0436453819274902
1.0689377784729004
1.07333505153656
1.0438172817230225
1.014573097229004
0.996269702911377
0.9888773560523987
0.99174964427948
0.9824187159538269
0.9804582595825195
0.9710971117019653
0.9624027013778687
0.9705188870429993
0.9843692779541016
0.9910637140274048
1.0406317710876465
1.051712989807129
1.0273832082748413
1.0271376371383667
1.0596752166748047
1.0293011665344238
1.011319875717163
1.0069153308868408
1.0370618104934692
1.0650686025619507
1.0142991542816162
0.9833350777626038
0.9638944864273071
0.9848245978355408
0.9830172657966614
1.0234211683273315
1.0104187726974487
1.0049866437911987
1.0447592735290527
1.0418498516082764
1.0189244747161865
1.0026932954788208
0.9728643298149109
0.964304506778717
1.0015498399734497
1.0080687999725342
1.0116851329803467
0.959412693977356
0.9877521991729736
1.042586088180542
1.0587471723556519
1.04560387134552
1.0544486045837402
1.0820587873458862
1.0185476541519165
1.0029016733169556
1.034959077835083
1.0340429544448853
0.9902873039245605
0.9799527525901794
0.9812608361244202
0.9989189505577087
1.048201084136963
1.0759644508361816
1.0704386234283447
1.0507844686508179
1.043392539024353
1.0229007005691528
1.0263694524765015
1.046776533126831
1.0853054523468018
1.0560106039047241
1.0263612270355225
1.0389527082443237
1.0333278179168701
1.0570977926254272
1.040178656578064
1.088172435760498
1.1065922975540161
1.1029210090637207
1.0671415328979492
1.089249610900879
1.1112552881240845
1.1060538291931152
1.098395586013794
1.0659043788909912
1.0386683940887451
1.0799064636230469
1.07669198513031
1.1102954149246216
1.0783156156539917
1.0569366216659546
1.087830901145935
1.0408838987350464
1.0471042394638062
1.0632050037384033
1.1047958135604858
1.1190602779388428
1.0886967182159424
1.053218960762024
1.0467044115066528
1.0517151355743408
1.0807987451553345
1.0878177881240845
1.078862190246582
1.0464221239089966
1.0234365463256836
0.9952343702316284
1.0044740438461304
0.9700308442115784
0.9943771362304688
1.0410397052764893
1.0364092588424683
1.0409932136535645
1.0786665678024292
1.0391000509262085
1.069516897201538
1.0718941688537598
1.101580262184143
1.0896472930908203
1.114861011505127
1.1101337671279907
1.1038364171981812
1.1373873949050903
1.109677791595459
1.0819261074066162
1.0703890323638916
1.0836894512176514
1.1032719612121582
1.0598818063735962
1.0235073566436768
1.016696810722351
1.0123580694198608
1.0564327239990234
1.0194848775863647
1.0229644775390625
1.0109392404556274
1.0367752313613892
1.075924038887024
1.0871031284332275
1.0953208208084106
1.0691733360290527
1.1054593324661255
1.1007903814315796
1.0675172805786133
1.0540026426315308
1.0466842651367188
1.0836611986160278
1.1063765287399292
1.126505732536316
1.1086292266845703
1.117230772972107
1.1016205549240112
1.0965306758880615
1.1040294170379639
1.1065243482589722
1.098789930343628
1.0984925031661987
1.1207492351531982
1.1376073360443115
1.1135554313659668
1.1066365242004395
1.122779130935669
1.1491307020187378
1.1353373527526855
1.1419310569763184
1.142261266708374
1.1406432390213013
1.1416347026824951
1.1231986284255981
1.0936498641967773
1.0722485780715942
1.092921257019043
1.0967081785202026
1.0885528326034546
1.0607033967971802
1.090674638748169
1.103818655014038
1.095102071762085
1.0759519338607788
1.1201390027999878
1.130867600440979
1.1342480182647705
1.0977295637130737
1.0815457105636597
1.0695973634719849
1.08842933177948
1.144511103630066
1.1107062101364136
1.0762970447540283
1.0579808950424194
1.0455851554870605
1.0497081279754639
1.0165585279464722
1.0604023933410645
1.0565704107284546
1.0731384754180908
1.135877013206482
1.1258165836334229
1.0935823917388916
1.1196812391281128
1.0993796586990356
1.0698751211166382
1.0194709300994873
1.0219155550003052
1.0362186431884766
1.0404486656188965
1.04165780544281
1.0429033041000366
1.026407241821289
1.0109931230545044
1.000909686088562
0.9940811395645142
0.976773202419281
0.9643216133117676
0.9735800623893738
0.9748268723487854
0.9834643006324768
0.9933668971061707
1.0553205013275146
1.080376386642456
1.0525487661361694
1.0467429161071777
1.0437195301055908
1.0346285104751587
1.0449200868606567
1.0572701692581177
1.0805118083953857
1.0921580791473389
1.0574688911437988
1.0494401454925537
1.0996196269989014
1.0833237171173096
1.0881539583206177
1.0800772905349731
1.0552396774291992
1.0486241579055786
1.0253039598464966
1.0230202674865723
1.0116987228393555
1.00861656665802
1.0042933225631714
1.0075151920318604
1.0113476514816284
1.0243757963180542
1.0431156158447266
1.0508496761322021
1.0543626546859741
1.0498301982879639
1.071358561515808
1.0733064413070679
1.0773652791976929
1.0311610698699951
1.047770380973816
1.0795170068740845
1.0717071294784546
1.0617595911026
1.0959243774414063
1.133309245109558
1.1045907735824585
1.0999294519424438
1.0802946090698242
1.0426255464553833
1.0079550743103027
1.027416706085205
1.0811160802841187
1.0565385818481445
1.0393669605255127
1.039484977722168
1.054023265838623
1.0422996282577515
1.0632054805755615
1.0597219467163086
1.120078444480896
1.087836503982544
1.067093014717102
1.075243353843689
1.062948226928711
1.0684441328048706
1.0780612230300903
1.1015934944152832
1.0880770683288574
1.0394821166992188
1.0590074062347412
1.040905237197876
1.03711998462677
1.025404930114746
1.0165562629699707
1.0311086177825928
1.0119882822036743
1.0303523540496826
1.049947738647461
1.0440523624420166
1.0309275388717651
1.0330532789230347
1.0381816625595093
1.038059949874878
1.0089229345321655
0.9919722676277161
0.9936970472335815
1.0076498985290527
1.05118727684021
1.0414836406707764
1.0181589126586914
1.068984031677246
1.0570400953292847
1.0645272731781006
1.0913183689117432
1.075172781944275
1.0640590190887451
1.0452375411987305
1.0239571332931519
1.0536922216415405
1.0475727319717407
1.0057740211486816
0.9729567766189575
1.0024192333221436
1.0283676385879517
1.0509458780288696
1.0621696710586548
1.016848087310791
1.0380711555480957
1.0912683010101318
1.0940979719161987
1.0946221351623535
1.0997369289398193
1.0994911193847656
1.0779398679733276
1.1080352067947388
1.145553708076477
1.1375432014465332
1.1264581680297852
1.1042547225952148
1.1034802198410034
1.1044235229492188
1.1345080137252808
1.1294440031051636
1.0999822616577148
1.0783417224884033
1.0938197374343872
1.090566873550415
1.093669056892395
1.0726832151412964
1.114956021308899
1.1473323106765747
1.161961555480957
1.1707003116607666
1.1878994703292847
1.1465044021606445
1.1045653820037842
1.0898096561431885
1.1201986074447632
1.1200220584869385
1.1072393655776978
1.0756434202194214
1.0916129350662231
1.0819753408432007
1.100311279296875
1.100592017173767
1.1034077405929565
1.081891655921936
1.0787420272827148
1.067379117012024
1.079819917678833
1.1180999279022217
1.1421352624893188
1.1407220363616943
1.1608527898788452
1.1798416376113892
1.1689196825027466
1.1411656141281128
1.168062686920166
1.1993476152420044
1.2159091234207153
1.2488762140274048
1.2448399066925049
1.2619030475616455
1.2082622051239014
1.1963871717453003
1.1770215034484863
1.1313813924789429
1.1245372295379639
1.1189661026000977
1.1166070699691772
1.0889978408813477
1.0667387247085571
1.0867551565170288
1.0989046096801758
1.1149595975875854
1.1508764028549194
1.1663283109664917
1.1790928840637207
1.174688458442688
1.1772310733795166
1.1526089906692505
1.1302424669265747
1.1003910303115845
1.062996506690979
1.077492117881775
1.1039884090423584
1.1062990427017212
1.1138432025909424
1.1339702606201172
1.1345503330230713
1.1469863653182983
1.1524254083633423
1.1552319526672363
1.1397058963775635
1.1385222673416138
1.1587169170379639
1.1892236471176147
1.18478524684906
1.1944282054901123
1.1722731590270996
1.1364672183990479
1.1450871229171753
1.1629750728607178
1.144873023033142
1.1721243858337402
1.1511565446853638
1.1349644660949707
1.1098498106002808
1.1396236419677734
1.1082009077072144
1.1244707107543945
1.1392720937728882
1.1639201641082764
1.2006646394729614
1.1935110092163086
1.2230026721954346
1.211602807044983
1.2097097635269165
1.200045108795166
1.1761633157730103
1.1978639364242554
1.2242727279663086
1.2160965204238892
1.2076106071472168
1.1808823347091675
1.1821613311767578
1.2067984342575073
1.2124990224838257
1.2368533611297607
1.2345036268234253
1.2317264080047607
1.2240862846374512
1.2247614860534668
1.24048912525177
1.2280265092849731
1.253149390220642
1.2182104587554932
1.1689832210540771
1.1748474836349487
1.190049648284912
1.216478705406189
1.2205052375793457
1.2062046527862549
1.2148723602294922
1.2368630170822144
1.2366316318511963
1.207505226135254
1.198905110359192
1.1824880838394165
1.2348966598510742
1.2511543035507202
1.212283968925476
1.176916241645813
1.1737756729125977
1.1859155893325806
1.1623080968856812
1.215712308883667
1.2039376497268677
1.2015544176101685
1.2480945587158203
1.258845567703247
1.249691128730774
1.2472233772277832
1.2298568487167358
1.226370930671692
1.1973944902420044
1.1816493272781372
1.2156885862350464
1.2065144777297974
1.2258388996124268
1.227983832359314
1.2237074375152588
1.1850385665893555
1.1647186279296875
1.1754602193832397
1.1842114925384521
1.2332888841629028
1.2709872722625732
1.2695847749710083
1.2384511232376099
1.224987506866455
1.1709744930267334
1.1617237329483032
1.1904751062393188
1.1694031953811646
1.131679892539978
1.1228102445602417
1.1606189012527466
1.1915682554244995
1.2297086715698242
1.2143445014953613
1.220639705657959
1.2074339389801025
1.1942665576934814
1.1444284915924072
1.1125997304916382
1.1439062356948853
1.1843947172164917
1.2101507186889648
1.1792399883270264
1.1922078132629395
1.200223684310913
1.1961476802825928
1.2055453062057495
1.2136871814727783
1.1784234046936035
1.1635503768920898
1.1574879884719849
1.1641008853912354
1.1702568531036377
1.168858528137207
1.1851176023483276
1.1632002592086792
1.1621501445770264
1.190097451210022
1.179147720336914
1.2617467641830444
1.2999225854873657
1.2375881671905518
1.232202410697937
1.2143452167510986
1.2099186182022095
1.2130277156829834
1.25624680519104
1.2401602268218994
1.2418804168701172
1.2659382820129395
1.2786294221878052
1.279616355895996
1.2609503269195557
1.2471387386322021
1.230492115020752
1.2329264879226685
1.2306770086288452
1.2414305210113525
1.2061691284179688
1.1775166988372803
1.1970375776290894
1.2540180683135986
1.2247487306594849
1.2160789966583252
1.1877686977386475
1.1738275289535522
1.1863609552383423
1.2253174781799316
1.2114490270614624
1.221968173980713
1.2506787776947021
1.2929662466049194
1.265722632408142
1.2239643335342407
1.2431176900863647
1.2524787187576294
1.2933435440063477
1.2923060655593872
1.2497189044952393
1.2299938201904297
1.228952169418335
1.2551116943359375
1.2555205821990967
1.28360116481781
1.2856566905975342
1.2705090045928955
1.2612533569335938
1.2843635082244873
1.297592043876648
1.3004684448242188
1.305681824684143
1.2944188117980957
1.2649098634719849
1.239659070968628
1.1982946395874023
1.1861894130706787
1.1950944662094116
1.2142674922943115
1.2121647596359253
1.2158420085906982
1.242323637008667
1.2242356538772583
1.2225216627120972
1.2483991384506226
1.2287838459014893
1.2219231128692627
1.2343546152114868
1.2561715841293335
1.2106549739837646
1.2102851867675781
1.2433927059173584
1.2509623765945435
1.2730910778045654
1.3157227039337158
1.336127519607544
1.3367263078689575
1.3021595478057861
1.2683982849121094
1.2131575345993042
1.159432291984558
1.1450004577636719
1.1395916938781738
1.1615854501724243
1.154922366142273
1.1515651941299438
1.2366739511489868
1.2854962348937988
1.2275058031082153
1.2271229028701782
1.2510490417480469
1.2266004085540771
1.1942592859268188
1.1618868112564087
1.1308702230453491
1.1695700883865356
1.2304478883743286
1.2673249244689941
1.2734013795852661
1.258346438407898
1.2505042552947998
1.2458359003067017
1.2440873384475708
1.237493872642517
1.2058078050613403
1.1936955451965332
1.1679985523223877
1.16264009475708
1.1892708539962769
1.1619975566864014
1.1597081422805786
1.1581650972366333
1.2423373460769653
1.2807141542434692
1.2416146993637085
1.1735864877700806
1.1776671409606934
1.1868115663528442
1.1973546743392944
1.2401821613311768
1.2298837900161743
1.2180070877075195
1.2295417785644531
1.2606700658798218
1.2196098566055298
1.2121007442474365
1.194942831993103
1.2246171236038208
1.2325446605682373
1.2078195810317993
1.1837940216064453
1.173418402671814
1.1761142015457153
1.1849138736724854
1.1900289058685303
1.1942329406738281
1.214930534362793
1.2468304634094238
1.2197401523590088
1.1734519004821777
1.1585322618484497
1.1502113342285156
1.1466344594955444
1.1375946998596191
1.1399492025375366
1.1610654592514038
1.1850553750991821
1.17950439453125
1.1639050245285034
1.1907105445861816
1.1712008714675903
1.1731065511703491
1.1515430212020874
1.1614538431167603
1.1360595226287842
1.1217000484466553
1.1711256504058838
1.1724110841751099
1.1654741764068604
1.1173466444015503
1.086168885231018
1.1217464208602905
1.1346017122268677
1.097581148147583
1.1230028867721558
1.205942153930664
1.2103521823883057
1.2079658508300781
1.1858309507369995
1.1579188108444214
1.132010817527771
1.0896328687667847
1.123093605041504
1.1635795831680298
1.1798202991485596
1.157514214515686
1.1529515981674194
1.1901013851165771
1.1493754386901855
1.1031436920166016
1.0642880201339722
1.1314574480056763
1.1133649349212646
1.0867998600006104
1.11510169506073
1.174814224243164
1.1833505630493164
1.166600227355957
1.1111139059066772
1.0894787311553955
1.1005022525787354
1.0765349864959717
1.1125444173812866
1.125129222869873
1.1407681703567505
1.1583540439605713
1.1257660388946533
1.1395854949951172
1.1695101261138916
1.1863443851470947
1.169582724571228
1.172633171081543
1.1930714845657349
1.1744567155838013
1.1874738931655884
1.19593346118927
1.150496006011963
1.1329357624053955
1.0916697978973389
1.1037887334823608
1.1126409769058228
1.0992873907089233
1.0812526941299438
1.089148759841919
1.1199239492416382
1.1142847537994385
1.1273853778839111
1.146972417831421
1.1212472915649414
1.127364158630371
1.1451224088668823
1.149454951286316
1.1796691417694092
1.172742247581482
1.1757091283798218
1.156317114830017
1.1746619939804077
1.1781684160232544
1.1776524782180786
1.1378825902938843
1.157470703125
1.168595552444458
1.192956566810608
1.1964362859725952
1.1640015840530396
1.1318585872650146
1.1353340148925781
1.1523398160934448
1.178004503250122
1.1589024066925049
1.122713565826416
1.1602956056594849
1.1772874593734741
1.2095533609390259
1.2369952201843262
1.22500479221344
1.2035571336746216
1.2199795246124268
1.1818228960037231
1.1952255964279175
1.180294394493103
1.1903825998306274
1.2093737125396729
1.1983165740966797
1.1669632196426392
1.156715989112854
1.1586898565292358
1.1496851444244385
1.15493905544281
1.1559346914291382
1.1531344652175903
1.1667296886444092
1.180769443511963
1.2088080644607544
1.2140469551086426
1.2285854816436768
1.2039629220962524
1.2033196687698364
1.166769027709961
1.1244657039642334
1.127326488494873
1.0972368717193604
1.0812022686004639
1.0781824588775635
1.1014140844345093
1.1088870763778687
1.1523528099060059
1.1742500066757202
1.1759341955184937
1.1353217363357544
1.094604730606079
1.1080305576324463
1.1387999057769775
1.0886571407318115
1.113162875175476
1.1252515316009521
1.1082043647766113
1.1161919832229614
1.1406325101852417
1.159085750579834
1.2152212858200073
1.1678597927093506
1.1360000371932983
1.1255857944488525
1.1495583057403564
1.163177728652954
1.149839997291565
1.1377711296081543
1.128872275352478
1.1215476989746094
1.1412978172302246
1.1736769676208496
1.1901891231536865
1.2173947095870972
1.1653810739517212
1.1663223505020142
1.1345700025558472
1.1485316753387451
1.1972075700759888
1.2207947969436646
1.186957597732544
1.1457725763320923
1.1144137382507324
1.1269090175628662
1.1065986156463623
1.0942867994308472
1.1256558895111084
1.14277982711792
1.1188571453094482
1.0853677988052368
1.119386911392212
1.1245566606521606
1.1502113342285156
1.187034249305725
1.230532169342041
1.207445502281189
1.1839803457260132
1.2072603702545166
1.2194660902023315
1.2159414291381836
1.1975003480911255
1.216497778892517
1.2583765983581543
1.2283999919891357
1.225864291191101
1.240028977394104
1.2461726665496826
1.224948525428772
1.2426995038986206
1.3097485303878784
1.296116590499878
1.2573713064193726
1.2766691446304321
1.257857084274292
1.2066236734390259
1.1763883829116821
1.1573256254196167
1.1821184158325195
1.2084805965423584
1.201920509338379
1.2002195119857788
1.1972558498382568
1.2057669162750244
1.1836721897125244
1.1859924793243408
1.1813799142837524
1.2145015001296997
1.2141282558441162
1.2396055459976196
1.2322436571121216
1.2505265474319458
1.2415217161178589
1.2407288551330566
1.2245336771011353
1.2772581577301025
1.272334337234497
1.2590559720993042
1.2547415494918823
1.247527003288269
1.2266135215759277
1.2261706590652466
1.2168878316879272
1.2222669124603271
1.1715962886810303
1.1837975978851318
1.1717039346694946
1.1822782754898071
1.166020393371582
1.2040150165557861
1.1701059341430664
1.209326982498169
1.224979281425476
1.1977604627609253
1.1392563581466675
1.1515076160430908
1.1487524509429932
1.146945834159851
1.1174540519714355
1.127962589263916
1.1876835823059082
1.2337054014205933
1.2438448667526245
1.168305516242981
1.106521487236023
1.1269590854644775
1.1352248191833496
1.153398036956787
1.1512147188186646
1.1588135957717896
1.158207893371582
1.1909774541854858
1.1962639093399048
1.1651087999343872
1.1386553049087524
1.1308584213256836
1.1439794301986694
1.1749205589294434
1.1836323738098145
1.200189471244812
1.213934063911438
1.2268444299697876
1.1914786100387573
1.1904118061065674
1.1956372261047363
1.206339716911316
1.2160836458206177
1.1831847429275513
1.1430379152297974
1.143756628036499
1.1940823793411255
1.1683212518692017
1.1232002973556519
1.0968689918518066
1.0582715272903442
1.076041340827942
1.1511602401733398
1.117215633392334
1.0997068881988525
1.089461326599121
1.0670298337936401
1.0665075778961182
1.0889091491699219
1.1217045783996582
1.11299729347229
1.1117417812347412
1.1411679983139038
1.1111369132995605
1.143963098526001
1.1789442300796509
1.2063616514205933
1.1914844512939453
1.184869408607483
1.1868374347686768
1.2431457042694092
1.2607260942459106
1.2266340255737305
1.1624276638031006
1.142084002494812
1.1256028413772583
1.1329896450042725
1.1403510570526123
1.1381876468658447
1.1106266975402832
1.168086290359497
1.2246122360229492
1.203189492225647
1.16748046875
1.1555931568145752
1.160476803779602
1.1210285425186157
1.0768144130706787
1.0697180032730103
1.0935003757476807
1.065569519996643
1.084628939628601
1.09531569480896
1.079040288925171
1.1335041522979736
1.1608179807662964
1.1434738636016846
1.1775404214859009
1.162574052810669
1.143947720527649
1.1193479299545288
1.108136773109436
1.1362751722335815
1.1065188646316528
1.122703194618225
1.1260091066360474
1.1057460308074951
1.068054437637329
1.0823299884796143
1.0956802368164063
1.1663129329681396
1.185153603553772
1.1635165214538574
1.132093071937561
1.152483582496643
1.1614675521850586
1.211020588874817
1.234871506690979
1.1811420917510986
1.1715149879455566
1.142818570137024
1.1535422801971436
1.2041245698928833
1.2170134782791138
1.1748055219650269
1.1688144207000732
1.176160454750061
1.1877211332321167
1.1637730598449707
1.1349067687988281
1.1067209243774414
1.121002435684204
1.1447006464004517
1.1904220581054688
1.162919521331787
1.1388874053955078
1.1521190404891968
1.1678463220596313
1.114382266998291
1.1299550533294678
1.1189749240875244
1.0984065532684326
1.1109611988067627
1.1120105981826782
1.1218513250350952
1.1587804555892944
1.2083028554916382
1.1620877981185913
1.1678377389907837
1.1777069568634033
1.19378662109375
1.163492202758789
1.1244564056396484
1.0899814367294312
1.0409795045852661
1.0682792663574219
1.0906531810760498
1.1277540922164917
1.1378154754638672
1.16507887840271
1.1239657402038574
1.0932754278182983
1.0504812002182007
1.09737229347229
1.099796175956726
1.0879502296447754
1.1188462972640991
1.2073802947998047
1.2059887647628784
1.212975263595581
1.1672554016113281
1.1774119138717651
1.1564390659332275
1.1606476306915283
1.1789145469665527
1.1046336889266968
1.1266345977783203
1.1119171380996704
1.0941193103790283
1.1169027090072632
1.1379549503326416
1.1414635181427002
1.1361438035964966
1.1662746667861938
1.110186219215393
1.139654517173767
1.1405251026153564
1.1653907299041748
1.1270159482955933
1.1202971935272217
1.1340306997299194
1.1385616064071655
1.1596373319625854
1.1348536014556885
1.1300082206726074
1.139483094215393
1.1181596517562866
1.0982892513275146
1.1216201782226563
1.1320210695266724
1.121775507926941
1.1023277044296265
1.1257617473602295
1.1875296831130981
1.236437201499939
1.2519090175628662
1.2050524950027466
1.2197235822677612
1.23201322555542
1.194420337677002
1.1857695579528809
1.2272567749023438
1.1958892345428467
1.2007993459701538
1.1835216283798218
1.173555612564087
1.1719075441360474
1.1593995094299316
1.165535569190979
1.1828944683074951
1.1764909029006958
1.1744757890701294
1.1718697547912598
1.1799670457839966
1.171956181526184
1.1821001768112183
1.1738226413726807
1.1557003259658813
1.159486174583435
1.2107113599777222
1.2286373376846313
1.2370532751083374
1.2214431762695313
1.1954792737960815
1.2031209468841553
1.1631046533584595
1.1591930389404297
1.1795965433120728
1.1891560554504395
1.177136778831482
1.2119286060333252
1.2206743955612183
1.1777383089065552
1.1613420248031616
1.1695497035980225
1.1625195741653442
1.0978416204452515
1.0992565155029297
1.141300916671753
1.1606285572052002
1.1820050477981567
1.1803380250930786
1.167403221130371
1.129419207572937
1.0694714784622192
1.071153163909912
1.0975499153137207
1.1193876266479492
1.1347589492797852
1.0917261838912964
1.0849543809890747
1.0994584560394287
1.1131575107574463
1.1080108880996704
1.1539891958236694
1.1261740922927856
1.1050260066986084
1.1514582633972168
1.1306037902832031
1.1189093589782715
1.1475805044174194
1.1488690376281738
1.1275743246078491
1.1431878805160522
1.1899865865707397
1.1798571348190308
1.171600580215454
1.1793373823165894
1.1921849250793457
1.179183840751648
1.1336270570755005
1.1424403190612793
1.157071828842163
1.170931100845337
1.147094964981079
1.1204410791397095
1.1259347200393677
1.138970971107483
1.1578304767608643
1.1536387205123901
1.137694239616394
1.1426520347595215
1.139883041381836
1.120842456817627
1.1024465560913086
1.1260738372802734
1.1060634851455688
1.0756820440292358
1.0755457878112793
1.0629332065582275
1.0914454460144043
1.093523621559143
1.1061698198318481
1.1575270891189575
1.1472817659378052
1.1254968643188477
1.1246050596237183
1.105136752128601
1.1253690719604492
1.131971001625061
1.1729055643081665
1.1658896207809448
1.1383540630340576
1.1496946811676025
1.1526775360107422
1.1631375551223755
1.1422730684280396
1.15327787399292
1.1407617330551147
1.1175915002822876
1.1191399097442627
1.133578896522522
1.1589521169662476
1.1724820137023926
1.150437355041504
1.1874443292617798
1.1983908414840698
1.21240234375
1.2118579149246216
1.209179401397705
1.161680817604065
1.1271107196807861
1.1356000900268555
1.1358450651168823
1.1263126134872437
1.1279218196868896
1.1383949518203735
1.1496455669403076
1.1521316766738892
1.1443201303482056
1.140795111656189
1.1541999578475952
1.1485323905944824
1.166715383529663
1.136751413345337
1.172070860862732
1.16834557056427
1.1774197816848755
1.1533904075622559
1.155846357345581
1.1009269952774048
1.096283197402954
1.0458424091339111
1.0658063888549805
1.0780620574951172
1.065184473991394
1.0957918167114258
1.1234006881713867
1.1589586734771729
1.1904895305633545
1.1949505805969238
1.2053099870681763
1.2046047449111938
1.233430027961731
1.1896392107009888
1.2069264650344849
1.177237629890442
1.1510987281799316
1.143361210823059
1.1209040880203247
1.1032100915908813
1.0799401998519897
1.0970778465270996
1.1049892902374268
1.1116799116134644
1.1106833219528198
1.0731029510498047
1.045750617980957
1.0611765384674072
1.1272388696670532
1.16569983959198
1.187865138053894
1.1597321033477783
1.1297863721847534
1.0879775285720825
1.1095631122589111
1.1313753128051758
1.1528327465057373
1.1816657781600952
1.1993387937545776
1.1640472412109375
1.163381576538086
1.1233323812484741
1.0896812677383423
1.0796915292739868
1.0929858684539795
1.1081830263137817
1.1238806247711182
1.1231873035430908
1.1555452346801758
1.1554844379425049
1.1880096197128296
1.205145001411438
1.1615283489227295
1.1403597593307495
1.130911111831665
1.0941928625106812
1.0769520998001099
1.1403738260269165
1.179776668548584
1.20592200756073
1.1798739433288574
1.1960928440093994
1.2270840406417847
1.2194081544876099
1.2167545557022095
1.2231237888336182
1.231244444847107
1.179728627204895
1.1617199182510376
1.1276540756225586
1.1521034240722656
1.195502519607544
1.2075941562652588
1.2051310539245605
1.197745680809021
1.1636898517608643
1.1838834285736084
1.20447838306427
1.2298617362976074
1.2136602401733398
1.2115272283554077
1.1783828735351563
1.2076044082641602
1.218502163887024
1.1944700479507446
1.174291729927063
1.1287801265716553
1.1713975667953491
1.1894577741622925
1.137554407119751
1.1740566492080688
1.1271253824234009
1.1201070547103882
1.126396656036377
1.0819960832595825
1.0787501335144043
1.1008604764938354
1.156526803970337
1.1733371019363403
1.1733283996582031
1.130252718925476
1.1214491128921509
1.14095139503479
1.1209605932235718
1.150946855545044
1.1900584697723389
1.2139424085617065
1.2095588445663452
1.180209755897522
1.1409626007080078
1.1503926515579224
1.1689321994781494
1.1345245838165283
1.1134260892868042
1.1288402080535889
1.156986951828003
1.1852527856826782
1.2320058345794678
1.2280153036117554
1.203149676322937
1.1846238374710083
1.1846848726272583
1.1617581844329834
1.1855014562606812
1.1673200130462646
1.1113475561141968
1.1523720026016235
1.1499252319335938
1.1218875646591187
1.1060293912887573
1.0797473192214966
1.1182535886764526
1.1035593748092651
1.116890549659729
1.1291874647140503
1.133986234664917
1.1524578332901
1.1689512729644775
1.1659049987792969
1.182454228401184
1.1384413242340088
1.1161258220672607
1.111828327178955
1.1513023376464844
1.1319860219955444
1.0952094793319702
1.080112338066101
1.0693625211715698
1.0368454456329346
1.0675101280212402
1.0594762563705444
1.079155683517456
1.0870810747146606
1.123556137084961
1.117245078086853
1.1375703811645508
1.1265509128570557
1.146439552307129
1.0998384952545166
1.076830267906189
1.0494608879089355
1.0364243984222412
1.0450985431671143
1.0709097385406494
1.0643702745437622
1.0510145425796509
1.054160714149475
1.086071491241455
1.0974081754684448
1.0938175916671753
1.0803990364074707
1.0654114484786987
1.0475338697433472
1.0287346839904785
1.054425835609436
1.077448844909668
1.069089412689209
1.051698088645935
1.0284807682037354
1.0541688203811646
1.0704402923583984
1.0782675743103027
1.0691007375717163
1.0520048141479492
1.0196367502212524
1.0450851917266846
1.0631158351898193
1.0307891368865967
0.9997701048851013
1.0224835872650146
1.0480616092681885
1.062800645828247
1.0504109859466553
1.050106406211853
1.0841072797775269
1.0596610307693481
1.017107605934143
1.0596872568130493
1.0510542392730713
1.037774682044983
1.0185121297836304
1.045411467552185
1.0645173788070679
1.0583422183990479
1.0155251026153564
1.0048716068267822
1.0593496561050415
1.0770386457443237
1.0369929075241089
1.055629014968872
1.087868571281433
1.0895302295684814
1.090151309967041
1.0433322191238403
0.9814431071281433
0.9923087954521179
1.0083011388778687
1.0467699766159058
1.0456316471099854
1.0587310791015625
1.036540150642395
0.9842696189880371
0.9839749336242676
1.0172173976898193
0.9997352957725525
1.0217249393463135
1.013792872428894
1.047295331954956
1.0335979461669922
1.0114469528198242
1.0054948329925537
0.9874590039253235
1.0282961130142212
1.036502718925476
1.0700801610946655
1.053717851638794
1.0527350902557373
1.0262330770492554
1.059354543685913
1.0379093885421753
1.0556199550628662
1.0638391971588135
1.0609930753707886
1.0919828414916992
1.068691611289978
1.1050695180892944
1.1194156408309937
1.150292158126831
1.1269892454147339
1.0708166360855103
1.0833382606506348
1.080917477607727
1.0509580373764038
1.0750319957733154
1.1011303663253784
1.1304742097854614
1.1019865274429321
1.088362216949463
1.0639287233352661
1.0747700929641724
1.099961757659912
1.1073485612869263
1.1359100341796875
1.112504243850708
1.102717399597168
1.1200398206710815
1.1323606967926025
1.15471613407135
1.1534535884857178
1.152857780456543
1.1526904106140137
1.1119945049285889
1.1259307861328125
1.1385815143585205
1.1736143827438354
1.1361539363861084
1.1452103853225708
1.1317373514175415
1.1428130865097046
1.1589512825012207
1.155809998512268
1.1478016376495361
1.1408497095108032
1.096470832824707
1.093210220336914
1.153483271598816
1.1527559757232666
1.1291781663894653
1.084212303161621
1.1142724752426147
1.081784725189209
1.1217713356018066
1.167541265487671
1.1430013179779053
1.1038964986801147
1.106397271156311
1.1134587526321411
1.12745201587677
1.1079819202423096
1.127695083618164
1.1275255680084229
1.094070553779602
1.1202954053878784
1.1376641988754272
1.1379698514938354
1.0988034009933472
1.0891908407211304
1.1101210117340088
1.1506240367889404
1.1351176500320435
1.1132944822311401
1.1162569522857666
1.0686591863632202
1.1138625144958496
1.1609398126602173
1.1774014234542847
1.1351951360702515
1.1269525289535522
1.1510443687438965
1.144997000694275
1.0533043146133423
1.0259617567062378
1.043481707572937
1.0506153106689453
1.0424726009368896
1.087903618812561
1.099914789199829
1.0978167057037354
1.083053708076477
1.0836042165756226
1.1052080392837524
1.118831992149353
1.0704545974731445
1.066989541053772
1.060681939125061
1.0461748838424683
1.0892205238342285
1.0808145999908447
1.0800743103027344
1.0674118995666504
1.0630265474319458
1.077227234840393
1.1025067567825317
1.0891749858856201
1.0797860622406006
1.0752698183059692
1.1025972366333008
1.0832314491271973
1.078268051147461
1.0705643892288208
1.0955926179885864
1.1171084642410278
1.1085784435272217
1.0965005159378052
1.043471336364746
1.0415717363357544
1.0896652936935425
1.0939100980758667
1.0403836965560913
1.058905005455017
1.0432050228118896
1.0851138830184937
1.078118920326233
1.0418908596038818
1.0394915342330933
1.0351264476776123
1.1198838949203491
1.087311863899231
1.0310583114624023
1.0383981466293335
1.0492099523544312
1.036341667175293
1.0556855201721191
1.0547008514404297
1.0522865056991577
1.0475465059280396
1.0423065423965454
1.017579197883606
1.0431005954742432
1.0344793796539307
1.059459924697876
1.0322693586349487
1.0135174989700317
0.9957713484764099
0.9933251738548279
0.9710284471511841
1.0281662940979004
1.0473778247833252
1.0102312564849854
0.9795229434967041
0.9999009966850281
1.0393801927566528
1.0267161130905151
1.0271556377410889
1.076576828956604
1.0668238401412964
1.066719651222229
1.067635416984558
1.1008310317993164
1.107966423034668
1.0472750663757324
1.0526866912841797
1.0295219421386719
1.0409249067306519
1.0326952934265137
1.0226020812988281
1.0432860851287842
1.0571955442428589
1.0705997943878174
1.1102182865142822
1.0751514434814453
1.0511473417282104
1.0273382663726807
1.0630396604537964
1.0737941265106201
1.0879733562469482
1.0698398351669312
1.0482202768325806
1.0650070905685425
1.1123627424240112
1.1111639738082886
1.1026109457015991
1.080675721168518
1.0514276027679443
1.0286580324172974
1.0749040842056274
1.0842496156692505
1.0911608934402466
1.157753348350525
1.116748571395874
1.0921777486801147
1.0629358291625977
1.0713415145874023
1.0942420959472656
1.09593665599823
1.0875300168991089
1.05555260181427
1.0765892267227173
1.0829720497131348
1.109573483467102
1.1395586729049683
1.133844256401062
1.1045891046524048
1.1105843782424927
1.1311200857162476
1.1011244058609009
1.094896674156189
1.0443872213363647
1.0784636735916138
1.08928382396698
1.135048508644104
1.1608484983444214
1.164779543876648
1.1416113376617432
1.1060611009597778
1.0778506994247437
1.0994845628738403
1.1204628944396973
1.0932557582855225
1.0705442428588867
1.1036399602890015
1.1056911945343018
1.1063926219940186
1.0754106044769287
1.0943478345870972
1.083824634552002
1.0975960493087769
1.0664960145950317
1.0589966773986816
1.0522329807281494
1.0505720376968384
1.095998764038086
1.100230097770691
1.084653377532959
1.069815754890442
1.0492782592773438
1.0903011560440063
1.0636464357376099
1.0689573287963867
1.0671350955963135
1.0899453163146973
1.106497049331665
1.0576516389846802
1.0634068250656128
1.065611720085144
1.080022931098938
1.067118763923645
1.0385065078735352
1.0373866558074951
1.0739727020263672
1.0677456855773926
1.0560332536697388
1.054498314857483
1.0048881769180298
1.0171124935150146
1.0295429229736328
1.082224726676941
1.1163556575775146
1.093051791191101
1.0672314167022705
1.0388193130493164
1.054909110069275
1.0599573850631714
1.077378511428833
1.0956683158874512
1.100368857383728
1.1167232990264893
1.1337894201278687
1.1132632493972778
1.0740097761154175
1.075767993927002
1.0681582689285278
1.096367597579956
1.0981816053390503
1.0542211532592773
1.043082594871521
1.0482823848724365
1.051680088043213
1.0790653228759766
1.0669833421707153
1.0632747411727905
1.043649673461914
1.039819359779358
1.0449409484863281
1.0356122255325317
1.0470237731933594
1.0931633710861206
1.0812517404556274
1.0699882507324219
1.1217862367630005
1.1520555019378662
1.1331332921981812
1.1196494102478027
1.1016581058502197
1.1146622896194458
1.1327080726623535
1.1104915142059326
1.1244266033172607
1.1306546926498413
1.1015089750289917
1.1236894130706787
1.1202232837677002
1.1269406080245972
1.0991735458374023
1.1157640218734741
1.0992670059204102
1.1024702787399292
1.094763994216919
1.1042306423187256
1.112874150276184
1.144579529762268
1.1557985544204712
1.1269224882125854
1.1267788410186768
1.1825695037841797
1.224227786064148
1.188889980316162
1.1240113973617554
1.1140234470367432
1.1293472051620483
1.1413850784301758
1.1159589290618896
1.0717698335647583
1.108860731124878
1.1281218528747559
1.181005835533142
1.1751772165298462
1.1711935997009277
1.2121689319610596
1.1743830442428589
1.178295373916626
1.1757042407989502
1.1308120489120483
1.15751314163208
1.115686058998108
1.1145614385604858
1.1215598583221436
1.0867745876312256
1.1174434423446655
1.1198278665542603
1.1193469762802124
1.136281132698059
1.1685266494750977
1.1720623970031738
1.172315001487732
1.1319267749786377
1.1184147596359253
1.1200038194656372
1.135534644126892
1.1096621751785278
1.0998979806900024
1.1250097751617432
1.1493600606918335
1.1604640483856201
1.1648191213607788
1.1819214820861816
1.195306658744812
1.1559693813323975
1.1388440132141113
1.1719411611557007
1.171991229057312
1.1545071601867676
1.142655849456787
1.133182168006897
1.1324386596679688
1.0992406606674194
1.0958638191223145
1.0527771711349487
1.0407823324203491
1.0462150573730469
1.0855482816696167
1.0665926933288574
1.0359705686569214
1.0334795713424683
1.003963828086853
1.0495046377182007
1.0547517538070679
1.0845597982406616
1.1035794019699097
1.170058012008667
1.1622679233551025
1.115466594696045
1.118146538734436
1.1198415756225586
1.1360633373260498
1.125679850578308
1.1181782484054565
1.098564624786377
1.1301283836364746
1.1436115503311157
1.1257339715957642
1.1132125854492188
1.167122483253479
1.1555382013320923
1.1439225673675537
1.1393524408340454
1.1743454933166504
1.1846191883087158
1.1632897853851318
1.120812177658081
1.118613362312317
1.1357537508010864
1.131730079650879
1.1356693506240845
1.1149557828903198
1.1352142095565796
1.1341086626052856
1.175264596939087
1.1269526481628418
1.0890593528747559
1.1119450330734253
1.1083950996398926
1.0964221954345703
1.0920007228851318
1.0888577699661255
1.1167387962341309
1.1755785942077637
1.1550558805465698
1.0820389986038208
1.0952599048614502
1.1046966314315796
1.1452308893203735
1.1578845977783203
1.1418009996414185
1.1310663223266602
1.1157366037368774
1.0783478021621704
1.081480622291565
1.0935057401657104
1.1065256595611572
1.1141444444656372
1.1265482902526855
1.1272149085998535
1.1176327466964722
1.1162042617797852
1.0960286855697632
1.1071089506149292
1.1623845100402832
1.1367312669754028
1.1513751745224
1.1342138051986694
1.1225392818450928
1.1543205976486206
1.1941320896148682
1.2287485599517822
1.2013245820999146
1.2154326438903809
1.199281930923462
1.2019413709640503
1.1698834896087646
1.1345062255859375
1.1240592002868652
1.162856101989746
1.1674156188964844
1.1444247961044312
1.1596277952194214
1.1381834745407104
1.12057363986969
1.1306027173995972
1.1345210075378418
1.1714973449707031
1.1269493103027344
1.1409531831741333
1.1786342859268188
1.2412689924240112
1.2092803716659546
1.1863152980804443
1.2099815607070923
1.206767201423645
1.2410547733306885
1.2104500532150269
1.2152589559555054
1.2564809322357178
1.2448012828826904
1.2182300090789795
1.1894495487213135
1.1915563344955444
1.2173676490783691
1.244079351425171
1.2227586507797241
1.187802791595459
1.1627477407455444
1.1689441204071045
1.1611497402191162
1.1657204627990723
1.1290022134780884
1.1354228258132935
1.1328047513961792
1.1670136451721191
1.1528620719909668
1.1925092935562134
1.1908074617385864
1.1273713111877441
1.1339479684829712
1.141658902168274
1.1311391592025757
1.1543190479278564
1.1859097480773926
1.214704990386963
1.204793095588684
1.202903389930725
1.2138111591339111
1.1757608652114868
1.2182607650756836
1.20790696144104
1.2199163436889648
1.1906415224075317
1.1852401494979858
1.1404041051864624
1.104108452796936
1.1449216604232788
1.1720333099365234
1.1753616333007813
1.1611725091934204
1.1617498397827148
1.1322330236434937
1.0880252122879028
1.1065160036087036
1.1518250703811646
1.1282870769500732
1.139081358909607
1.1680457592010498
1.1363945007324219
1.1657742261886597
1.215338945388794
1.2021781206130981
1.1601908206939697
1.1399389505386353
1.1467207670211792
1.1434649229049683
1.1562538146972656
1.2157753705978394
1.184343934059143
1.180701494216919
1.2115646600723267
1.1714096069335938
1.1637609004974365
1.1746025085449219
1.1714260578155518
1.1732487678527832
1.1965283155441284
1.2357031106948853
1.2387900352478027
1.253869891166687
1.253768801689148
1.2504090070724487
1.2457212209701538
1.241420865058899
1.2430791854858398
1.1988282203674316
1.2304855585098267
1.2571017742156982
1.2740535736083984
1.2727588415145874
1.2400165796279907
1.2078025341033936
1.190337896347046
1.2380074262619019
1.2196286916732788
1.19504714012146
1.16445791721344
1.157166600227356
1.1843641996383667
1.181694746017456
1.2135119438171387
1.2117968797683716
1.2747682332992554
1.2902398109436035
1.2608598470687866
1.2560042142868042
1.2328659296035767
1.2155989408493042
1.192790150642395
1.2144185304641724
1.2253364324569702
1.2162314653396606
1.2384002208709717
1.2350491285324097
1.2246203422546387
1.226555347442627
1.235204815864563
1.2106108665466309
1.1975096464157104
1.2374329566955566
1.3010289669036865
1.2467002868652344
1.2475597858428955
1.2303043603897095
1.2389507293701172
1.2288492918014526
1.2204927206039429
1.2057725191116333
1.2361178398132324
1.2308932542800903
1.2591105699539185
1.2605602741241455
1.2791187763214111
1.2960866689682007
1.2862827777862549
1.2182419300079346
1.24163019657135
1.230048656463623
1.1997977495193481
1.2287085056304932
1.2621403932571411
1.2877343893051147
1.2968213558197021
1.2874104976654053
1.275375247001648
1.2833044528961182
1.2758667469024658
1.2586596012115479
1.270821452140808
1.2624542713165283
1.2351913452148438
1.2366316318511963
1.292911410331726
1.2492105960845947
1.267171025276184
1.308218002319336
1.270579218864441
1.2458889484405518
1.2403792142868042
1.2213886976242065
1.2349234819412231
1.1996495723724365
1.204594612121582
1.20045804977417
1.197883129119873
1.1805781126022339
1.1722341775894165
1.188753366470337
1.200495958328247
1.1915558576583862
1.1863051652908325
1.2139201164245605
1.1843173503875732
1.151796579360962
1.1824108362197876
1.1414077281951904
1.1628185510635376
1.226530909538269
1.1930986642837524
1.1997530460357666
1.237016201019287
1.2867815494537354
1.2952601909637451
1.2949957847595215
1.3048487901687622
1.285994529724121
1.299477219581604
1.3057042360305786
1.3137768507003784
1.3026609420776367
1.3173470497131348
1.3009904623031616
1.2570871114730835
1.2698463201522827
1.2427111864089966
1.265076756477356
1.240097165107727
1.244137167930603
1.235744595527649
1.2514861822128296
1.2782955169677734
1.2367740869522095
1.2246339321136475
1.2534016370773315
1.2666668891906738
1.2117966413497925
1.2226974964141846
1.256119728088379
1.2383840084075928
1.207061529159546
1.2201635837554932
1.2065917253494263
1.2056019306182861
1.201000452041626
1.1767956018447876
1.1810827255249023
1.2049610614776611
1.2193622589111328
1.2118886709213257
1.2223032712936401
1.230149269104004
1.229925274848938
1.2559106349945068
1.3010612726211548
1.2582132816314697
1.2503437995910645
1.2589783668518066
1.2857184410095215
1.3097102642059326
1.2737184762954712
1.2656723260879517
1.252448558807373
1.275693655014038
1.243053674697876
1.2274940013885498
1.2761164903640747
1.27188241481781
1.2655640840530396
1.2321125268936157
1.258296012878418
1.2317250967025757
1.1922234296798706
1.199236273765564
1.1859065294265747
1.2085604667663574
1.1950116157531738
1.1994391679763794
1.1731188297271729
1.2012883424758911
1.1563849449157715
1.1536372900009155
1.185076117515564
1.1752923727035522
1.1703143119812012
1.167998194694519
1.1471832990646362
1.1690491437911987
1.2388005256652832
1.2023323774337769
1.2250984907150269
1.1908729076385498
1.1942917108535767
1.2065160274505615
1.1961528062820435
1.204344630241394
1.2213993072509766
1.2157690525054932
1.1976245641708374
1.1609601974487305
1.2023789882659912
1.1822099685668945
1.1684292554855347
1.176350712776184
1.2015459537506104
1.2065951824188232
1.2371529340744019
1.246758222579956
1.186174750328064
1.230083703994751
1.2510719299316406
1.2389822006225586
1.2306971549987793
1.2449619770050049
1.2329531908035278
1.2547887563705444
1.2691043615341187
1.271822214126587
1.2418757677078247
1.211168885231018
1.245551347732544
1.2605066299438477
1.2461439371109009
1.2657082080841064
1.2674758434295654
1.2720171213150024
1.2765895128250122
1.2684921026229858
1.2767558097839355
1.2935736179351807
1.2321447134017944
1.2419449090957642
1.272480845451355
1.2612866163253784
1.2907166481018066
1.2915031909942627
1.2831717729568481
1.251808762550354
1.2835825681686401
1.2831249237060547
1.345992088317871
1.3663673400878906
1.351926326751709
1.3050848245620728
1.2754584550857544
1.2376420497894287
1.2404758930206299
1.232521653175354
1.2816904783248901
1.2865294218063354
1.2681440114974976
1.2765777111053467
1.224058747291565
1.2143419981002808
1.248369812965393
1.2396248579025269
1.2273406982421875
1.2227776050567627
1.2108609676361084
1.2089124917984009
1.2219499349594116
1.1641703844070435
1.206925630569458
1.24651300907135
1.2610526084899902
1.2352321147918701
1.2039917707443237
1.2264944314956665
1.2330085039138794
1.2219665050506592
1.2403372526168823
1.2148253917694092
1.2357697486877441
1.2695341110229492
1.2755967378616333
1.2467360496520996
1.1898891925811768
1.1586463451385498
1.152813196182251
1.1750223636627197
1.2173166275024414
1.229579210281372
1.212792158126831
1.2140573263168335
1.2132872343063354
1.2669061422348022
1.2431912422180176
1.2751516103744507
1.247710108757019
1.1893683671951294
1.217402458190918
1.18833327293396
1.2134971618652344
1.2009774446487427
1.179302453994751
1.2094892263412476
1.2103108167648315
1.2032291889190674
1.2060014009475708
1.2493053674697876
1.2364143133163452
1.257007122039795
1.2176072597503662
1.2152867317199707
1.2037713527679443
1.225077748298645
1.19636070728302
1.2313401699066162
1.2052204608917236
1.1936570405960083
1.217543601989746
1.2002904415130615
1.2202330827713013
1.2322808504104614
1.281062364578247
1.251046895980835
1.2218360900878906
1.1807997226715088
1.1762793064117432
1.18717360496521
1.1973910331726074
1.205259084701538
1.226426124572754
1.235911250114441
1.2216341495513916
1.2569670677185059
1.2147541046142578
1.2116467952728271
1.21463143825531
1.1892889738082886
1.2225724458694458
1.1882386207580566
1.1687430143356323
1.1781005859375
1.2262083292007446
1.2124137878417969
1.1831344366073608
1.1677266359329224
1.161052942276001
1.1672507524490356
1.1451698541641235
1.1930252313613892
1.1759194135665894
1.1477267742156982
1.1021552085876465
1.1264244318008423
1.159098744392395
1.1615365743637085
1.1986784934997559
1.2715860605239868
1.302233099937439
1.2572476863861084
1.2535377740859985
1.230162262916565
1.2034531831741333
1.195534586906433
1.1813337802886963
1.1540478467941284
1.147992730140686
1.1509652137756348
1.1640948057174683
1.1561996936798096
1.1781748533248901
1.193610429763794
1.1956666707992554
1.208614468574524
1.1636854410171509
1.2140485048294067
1.2189126014709473
1.2017467021942139
1.2313332557678223
1.235083818435669
1.2465934753417969
1.2511498928070068
1.264695167541504
1.2271380424499512
1.218554139137268
1.2251358032226563
1.2453718185424805
1.2350536584854126
1.2270559072494507
1.1585078239440918
1.1988799571990967
1.2118216753005981
1.236664056777954
1.2188191413879395
1.2203983068466187
1.1946996450424194
1.1621695756912231
1.1333569288253784
1.149877667427063
1.1761671304702759
1.1712698936462402
1.1334062814712524
1.1500558853149414
1.1435683965682983
1.1995731592178345
1.1864876747131348
1.216191291809082
1.2033538818359375
1.1838455200195313
1.2319538593292236
1.199700117111206
1.1446701288223267
1.1966326236724854
1.196419358253479
1.227450966835022
1.1951568126678467
1.169189691543579
1.1649154424667358
1.1798772811889648
1.1404939889907837
1.1619640588760376
1.2252774238586426
1.2129791975021362
1.18601393699646
1.2240623235702515
1.2639867067337036
1.2386523485183716
1.2290360927581787
1.2301304340362549
1.184908390045166
1.1800878047943115
1.1915907859802246
1.1583318710327148
1.2258838415145874
1.2710494995117188
1.2690335512161255
1.2261422872543335
1.2261823415756226
1.2248362302780151
1.2192100286483765
1.213405728340149
1.2083789110183716
1.1878421306610107
1.1726797819137573
1.17281174659729
1.1913572549819946
1.1781070232391357
1.139738917350769
1.1900585889816284
1.208516240119934
1.2335525751113892
1.2163469791412354
1.2253236770629883
1.2383817434310913
1.26131272315979
1.224963665008545
1.266027569770813
1.2140429019927979
1.2292273044586182
1.232712984085083
1.2170108556747437
1.2015225887298584
1.2103115320205688
1.1992923021316528
1.2288607358932495
1.240942358970642
1.1800898313522339
1.1860291957855225
1.209220290184021
1.2533022165298462
1.265509009361267
1.2864809036254883
1.2284059524536133
1.1958874464035034
1.184574007987976
1.184348225593567
1.1784011125564575
1.1864567995071411
1.1765329837799072
1.1733542680740356
1.1964648962020874
1.1971944570541382
1.2439769506454468
1.2744991779327393
1.2541838884353638
1.2172377109527588
1.2446515560150146
1.2669134140014648
1.2334173917770386
1.1962350606918335
1.1896976232528687
1.1996104717254639
1.2287462949752808
1.2269738912582397
1.1928623914718628
1.1589566469192505
1.1563547849655151
1.136303424835205
1.1215447187423706
1.1353017091751099
1.1950584650039673
1.1996017694473267
1.2207579612731934
1.207453966140747
1.1922541856765747
1.1959468126296997
1.1878670454025269
1.2305434942245483
1.208804726600647
1.2108949422836304
1.204878330230713
1.2352508306503296
1.285774827003479
1.2633520364761353
1.253141164779663
1.2631162405014038
1.2347007989883423
1.1798595190048218
1.2341344356536865
1.2424265146255493
1.2441776990890503
1.1964718103408813
1.1919529438018799
1.23427414894104
1.2082501649856567
1.2060537338256836
1.2338736057281494
1.2646656036376953
1.2867722511291504
1.2870023250579834
1.285507321357727
1.256625771522522
1.2226146459579468
1.224956750869751
1.2302278280258179
1.2554343938827515
1.2390282154083252
1.239126205444336
1.2173092365264893
1.2053130865097046
1.180539846420288
1.2153725624084473
1.224948525428772
1.2382999658584595
1.225553035736084
1.2478258609771729
1.254760503768921
1.239831566810608
1.2656428813934326
1.235085129737854
1.2203787565231323
1.1978024244308472
1.1818968057632446
1.147517204284668
1.2056872844696045
1.20856773853302
1.2617279291152954
1.24058198928833
1.2384344339370728
1.1854573488235474
1.167061448097229
1.1901206970214844
1.267499327659607
1.2841858863830566
1.2918014526367188
1.2740222215652466
1.239006519317627
1.180780053138733
1.2429176568984985
1.250351905822754
1.246376872062683
1.2512471675872803
1.2397983074188232
1.2180285453796387
1.2344328165054321
1.207519769668579
1.1941535472869873
1.2292954921722412
1.25969660282135
1.2333133220672607
1.2373669147491455
1.2332950830459595
1.236222267150879
1.2019829750061035
1.172350287437439
1.1701222658157349
1.1625572443008423
1.1631717681884766
1.1235010623931885
1.159590721130371
1.1522188186645508
1.1907987594604492
1.216544270515442
1.146431803703308
1.1708892583847046
1.178712248802185
1.192048192024231
1.182071328163147
1.1595308780670166
1.1683251857757568
1.1732593774795532
1.170164704322815
1.1317250728607178
1.1525447368621826
1.1838834285736084
1.1643747091293335
1.1888716220855713
1.1923161745071411
1.1800076961517334
1.1824758052825928
1.17604398727417
1.1688365936279297
1.1749154329299927
1.1667492389678955
1.184851050376892
1.1802196502685547
1.195684790611267
1.1784740686416626
1.17730712890625
1.180858850479126
1.188934564590454
1.1770559549331665
1.174214243888855
1.2078306674957275
1.2139350175857544
1.2073079347610474
1.172982931137085
1.2039283514022827
1.1773033142089844
1.211660385131836
1.1909245252609253
1.156643033027649
1.1553378105163574
1.1610628366470337
1.14374577999115
1.130181074142456
1.108415961265564
1.1343166828155518
1.1881729364395142
1.144478440284729
1.0825221538543701
1.0687793493270874
1.1055933237075806
1.124313473701477
1.1094348430633545
1.104353427886963
1.1060731410980225
1.109097957611084
1.1217997074127197
1.1416953802108765
1.1003532409667969
1.13382089138031
1.1458269357681274
1.1504144668579102
1.1586633920669556
1.1955219507217407
1.2008063793182373
1.2364017963409424
1.2595080137252808
1.2190053462982178
1.2174699306488037
1.2103158235549927
1.1906033754348755
1.2360810041427612
1.226543664932251
1.2309236526489258
1.254265308380127
1.2541251182556152
1.2564630508422852
1.2368630170822144
1.2341523170471191
1.2369009256362915
1.2196511030197144
1.2210109233856201
1.2578808069229126
1.228670597076416
1.2053827047348022
1.2025362253189087
1.2091684341430664
1.2285642623901367
1.2150284051895142
1.2282190322875977
1.2137596607208252
1.2374175786972046
1.222956895828247
1.2489688396453857
1.249767541885376
1.2253375053405762
1.183038353919983
1.211754560470581
1.2085832357406616
1.194885492324829
1.2037022113800049
1.2340466976165771
1.2695763111114502
1.254941701889038
1.2091399431228638
1.174380898475647
1.233681559562683
1.2187377214431763
1.2528735399246216
1.2270556688308716
1.2466109991073608
1.263601541519165
1.2217941284179688
1.1899850368499756
1.1777970790863037
1.1919810771942139
1.1419062614440918
1.152710199356079
1.1942881345748901
1.2419624328613281
1.2609771490097046
1.2492460012435913
1.2266345024108887
1.269193172454834
1.2431557178497314
1.3053383827209473
1.292041301727295
1.2751401662826538
1.2311484813690186
1.2359319925308228
1.2743380069732666
1.2782355546951294
1.2640236616134644
1.3074229955673218
1.2763258218765259
1.3081430196762085
1.3011411428451538
1.2962067127227783
1.3216073513031006
1.3229902982711792
1.3228572607040405
1.2842323780059814
1.2883810997009277
1.3132410049438477
1.2569665908813477
1.2887279987335205
1.297745704650879
1.273552656173706
1.2304717302322388
1.2437422275543213
1.2417799234390259
1.2393938302993774
1.2592508792877197
1.2730915546417236
1.2819958925247192
1.2758172750473022
1.2846194505691528
1.3010541200637817
1.2470123767852783
1.258530616760254
1.2295464277267456
1.2410727739334106
1.2712665796279907
1.2822469472885132
1.3287979364395142
1.2884833812713623
1.274111270904541
1.2858301401138306
1.2833043336868286
1.3016520738601685
1.2965500354766846
1.2912503480911255
1.258941888809204
1.3155077695846558
1.3194950819015503
1.3072154521942139
1.280474066734314
1.2803407907485962
1.2967960834503174
1.3244909048080444
1.2555036544799805
1.205372929573059
1.2321370840072632
1.2226554155349731
1.196731448173523
1.220619559288025
1.2954847812652588
1.3195358514785767
1.2990821599960327
1.2632626295089722
1.230048656463623
1.3019970655441284
1.2612899541854858
1.2344176769256592
1.2308452129364014
1.258853793144226
1.2480612993240356
1.2209614515304565
1.2352385520935059
1.2642686367034912
1.2319538593292236
1.219928503036499
1.2078111171722412
1.223410964012146
1.2591636180877686
1.2214158773422241
1.202466607093811
1.2178292274475098
1.2139315605163574
1.241264820098877
1.2603715658187866
1.2537469863891602
1.2268308401107788
1.2059285640716553
1.225242018699646
1.2262705564498901
1.246492624282837
1.2524629831314087
1.2422517538070679
1.2540557384490967
1.2369024753570557
1.232359766960144
1.2511048316955566
1.2851451635360718
1.2872216701507568
1.262342095375061
1.2627571821212769
1.2559075355529785
1.2216687202453613
1.2280230522155762
1.251781940460205
1.2606099843978882
1.288877248764038
1.2892117500305176
1.290090799331665
1.246923565864563
1.2260011434555054
1.2278777360916138
1.2334257364273071
1.2024704217910767
1.2637805938720703
1.3288065195083618
1.3218060731887817
1.318353295326233
1.3348263502120972
1.3420424461364746
1.362359881401062
1.3426976203918457
1.3291789293289185
1.3025065660476685
1.3149930238723755
1.3137749433517456
1.290756344795227
1.3074696063995361
1.3107035160064697
1.3471245765686035
1.3250095844268799
1.3069627285003662
1.2611117362976074
1.2688360214233398
1.298251986503601
1.2833569049835205
1.3069844245910645
1.3253635168075562
1.336391568183899
1.2786732912063599
1.291192889213562
1.3041619062423706
1.318748950958252
1.3641548156738281
1.3437405824661255
1.2889716625213623
1.3001900911331177
1.3036805391311646
1.3534505367279053
1.3683806657791138
1.3316380977630615
1.2996573448181152
1.269471526145935
1.2808685302734375
1.266750454902649
1.2321157455444336
1.2348897457122803
1.25106942653656
1.2409151792526245
1.239009976387024
1.2452030181884766
1.245581865310669
1.24473237991333
1.2627843618392944
1.2862238883972168
1.30982506275177
1.308011531829834
1.2904002666473389
1.2474064826965332
1.2514444589614868
1.2417198419570923
1.2441139221191406
1.2208683490753174
1.2304030656814575
1.2293384075164795
1.1766637563705444
1.211895227432251
1.2519793510437012
1.2558906078338623
1.2798086404800415
1.3206970691680908
1.285365104675293
1.2631467580795288
1.241076946258545
1.2300609350204468
1.2786850929260254
1.3192498683929443
1.2885594367980957
1.3023362159729004
1.3353384733200073
1.315352439880371
1.3131980895996094
1.3097681999206543
1.3374472856521606
1.3347580432891846
1.315485954284668
1.3043323755264282
1.3102511167526245
1.3437620401382446
1.3278464078903198
1.3286906480789185
1.303830623626709
1.215340256690979
1.2554254531860352
1.2531696557998657
1.2328425645828247
1.2000402212142944
1.186872124671936
1.2087746858596802
1.2400038242340088
1.2258483171463013
1.2272919416427612
1.2581175565719604
1.213728666305542
1.202330231666565
1.2143179178237915
1.234763503074646
1.261423110961914
1.2426824569702148
1.237932562828064
1.2478148937225342
1.251689076423645
1.2133917808532715
1.1929899454116821
1.2191855907440186
1.2408300638198853
1.2342621088027954
1.2465739250183105
1.2564846277236938
1.270930290222168
1.2403966188430786
1.272544264793396
1.2527068853378296
1.2516485452651978
1.2170286178588867
1.1971979141235352
1.1911184787750244
1.1783994436264038
1.2249094247817993
1.235223412513733
1.246585726737976
1.285982370376587
1.2730211019515991
1.2662228345870972
1.24508798122406
1.238957405090332
1.2287123203277588
1.2046400308609009
1.2159028053283691
1.1831625699996948
1.1914955377578735
1.2055034637451172
1.2233541011810303
1.206457257270813
1.2192285060882568
1.1838054656982422
1.1779227256774902
1.241781234741211
1.2328892946243286
1.1847665309906006
1.1339887380599976
1.1042311191558838
1.1278228759765625
1.187257170677185
1.2411068677902222
1.2588862180709839
1.2262800931930542
1.2424527406692505
1.2426984310150146
1.2197003364562988
1.211562991142273
1.2009884119033813
1.2148942947387695
1.2017064094543457
1.2246732711791992
1.2344799041748047
1.2393808364868164
1.2516964673995972
1.1798399686813354
1.1572924852371216
1.1860500574111938
1.1702053546905518
1.194335699081421
1.216059923171997
1.190718650817871
1.1630585193634033
1.1663084030151367
1.1739661693572998
1.1856296062469482
1.1752983331680298
1.1453646421432495
1.135961651802063
1.153455138206482
1.1271708011627197
1.1396443843841553
1.1693605184555054
1.1662949323654175
1.1753398180007935
1.181780457496643
1.1508100032806396
1.1078107357025146
1.1785653829574585
1.2332347631454468
1.2182881832122803
1.1778615713119507
1.163834810256958
1.1551873683929443
1.1533340215682983
1.1363253593444824
1.1556729078292847
1.170649528503418
1.155339002609253
1.1455883979797363
1.1232119798660278
1.1019208431243896
1.1143972873687744
1.1131670475006104
1.1103599071502686
1.1553233861923218
1.2058271169662476
1.1665269136428833
1.1295562982559204
1.1346622705459595
1.1031780242919922
1.145448088645935
1.1714261770248413
1.202857255935669
1.1805293560028076
1.1689037084579468
1.207399606704712
1.2060703039169312
1.225861668586731
1.2674520015716553
1.2926698923110962
1.2923449277877808
1.2841182947158813
1.2702136039733887
1.2367664575576782
1.2086352109909058
1.1725797653198242
1.1878361701965332
1.2084022760391235
1.231519103050232
1.2319849729537964
1.2061094045639038
1.2298022508621216
1.2301571369171143
1.25603187084198
1.2544090747833252
1.266332745552063
1.2375761270523071
1.211572289466858
1.169834852218628
1.1910455226898193
1.1461299657821655
1.1108989715576172
1.1631141901016235
1.1688214540481567
1.1637165546417236
1.162672758102417
1.1620757579803467
1.150783658027649
1.1411768198013306
1.1301695108413696
1.1398569345474243
1.1538034677505493
1.1826109886169434
1.178749918937683
1.1526535749435425
1.1595176458358765
1.1405253410339355
1.1197839975357056
1.1467829942703247
1.1303919553756714
1.1194809675216675
1.1269500255584717
1.1443212032318115
1.1037644147872925
1.1064590215682983
1.1442794799804688
1.1618647575378418
1.180042028427124
1.1978367567062378
1.1865915060043335
1.1954689025878906
1.1870149374008179
1.1903413534164429
1.1930339336395264
1.2184371948242188
1.209781289100647
1.1995866298675537
1.1730366945266724
1.1754131317138672
1.1544582843780518
1.130120873451233
1.138238787651062
1.157690167427063
1.2188314199447632
1.1890487670898438
1.1507611274719238
1.1860673427581787
1.2268900871276855
1.260699987411499
1.2722229957580566
1.28103506565094
1.2668788433074951
1.2175943851470947
1.2663277387619019
1.2746000289916992
1.2791718244552612
1.191248893737793
1.1466203927993774
1.1597331762313843
1.1636077165603638
1.1680306196212769
1.1623051166534424
1.1833924055099487
1.205348253250122
1.271896481513977
1.2736377716064453
1.2384144067764282
1.1933057308197021
1.1842670440673828
1.1457425355911255
1.1240744590759277
1.1773505210876465
1.205899715423584
1.160751223564148
1.1809324026107788
1.1996772289276123
1.210907220840454
1.1934045553207397
1.2090771198272705
1.212944746017456
1.1645156145095825
1.1533348560333252
1.146588683128357
1.1772491931915283
1.177173137664795
1.1968584060668945
1.1980242729187012
1.1794968843460083
1.2098333835601807
1.204237937927246
1.1913604736328125
1.1496282815933228
1.1333470344543457
1.1469166278839111
1.1255607604980469
1.1805793046951294
1.1786158084869385
1.1629496812820435
1.1469097137451172
1.1496306657791138
1.1237423419952393
1.156237006187439
1.1681028604507446
1.1587815284729004
1.1773247718811035
1.1610543727874756
1.190154790878296
1.2333580255508423
1.255537509918213
1.224518060684204
1.1973496675491333
1.1673091650009155
1.1917989253997803
1.208580732345581
1.2360010147094727
1.2720232009887695
1.2348179817199707
1.2173353433609009
1.1992568969726563
1.1717824935913086
1.1784820556640625
1.2302181720733643
1.269892930984497
1.250614881515503
1.2033474445343018
1.2042100429534912
1.1719563007354736
1.1443265676498413
1.1585726737976074
1.1642403602600098
1.2044016122817993
1.224352240562439
1.2412000894546509
1.2027267217636108
1.1924593448638916
1.1848362684249878
1.1732054948806763
1.1920644044876099
1.1914523839950562
1.2291207313537598
1.2111376523971558
1.1797248125076294
1.1575813293457031
1.168103575706482
1.158414363861084
1.1635264158248901
1.1957228183746338
1.2397292852401733
1.2404768466949463
1.2211037874221802
1.1902132034301758
1.1808629035949707
1.1656064987182617
1.1771085262298584
1.1910988092422485
1.1880666017532349
1.1914359331130981
1.1866815090179443
1.1860482692718506
1.2192898988723755
1.176459789276123
1.1962734460830688
1.2054387331008911
1.227255940437317
1.2294995784759521
1.1870617866516113
1.1864434480667114
1.196110725402832
1.1885969638824463
1.1804052591323853
1.1634050607681274
1.216518521308899
1.223586082458496
1.2120106220245361
1.2327277660369873
1.2685836553573608
1.255180835723877
1.193382740020752
1.181107759475708
1.1965528726577759
1.2340078353881836
1.2113343477249146
1.1411170959472656
1.159379482269287
1.208363652229309
1.2302906513214111
1.2384400367736816
1.2162330150604248
1.2075061798095703
1.1965008974075317
1.2173796892166138
1.2128076553344727
1.2268202304840088
1.2311062812805176
1.1828254461288452
1.2023924589157104
1.222209095954895
1.1770472526550293
1.1455047130584717
1.187110185623169
1.1749653816223145
1.1688228845596313
1.142711877822876
1.1385184526443481
1.1536028385162354
1.183634638786316
1.2066526412963867
1.207242488861084
1.2316789627075195
1.237787127494812
1.2348390817642212
1.236580729484558
1.240240216255188
1.217064380645752
1.2014211416244507
1.235634446144104
1.2125742435455322
1.1722291707992554
1.1585760116577148
1.1509263515472412
1.1627483367919922
1.1677916049957275
1.1868714094161987
1.172027826309204
1.1920981407165527
1.1586769819259644
1.1193974018096924
1.1091171503067017
1.1257954835891724
1.1294554471969604
1.1302624940872192
1.1360349655151367
1.1423970460891724
1.1246466636657715
1.1726691722869873
1.1073371171951294
1.0491468906402588
1.0570460557937622
1.0464589595794678
1.0692541599273682
1.1009771823883057
1.1265798807144165
1.1385157108306885
1.1657695770263672
1.1265827417373657
1.1224147081375122
1.131707787513733
1.1649478673934937
1.1261374950408936
1.1061285734176636
1.1692103147506714
1.1682859659194946
1.1702383756637573
1.164528727531433
1.1617228984832764
1.1960117816925049
1.1913610696792603
1.1672061681747437
1.180222749710083
1.1667516231536865
1.1581578254699707
1.1266943216323853
1.088102102279663
1.1334519386291504
1.1680209636688232
1.2235565185546875
1.221561074256897
1.260361909866333
1.2474137544631958
1.2075448036193848
1.137738585472107
1.123982548713684
1.148264765739441
1.1510608196258545
1.1737948656082153
1.2263190746307373
1.2206952571868896
1.2192153930664063
1.2233552932739258
1.2110625505447388
1.2386600971221924
1.2393442392349243
1.2069575786590576
1.188291311264038
1.190721035003662
1.1978728771209717
1.1602550745010376
1.1872504949569702
1.2230925559997559
1.2415828704833984
1.266499638557434
1.26302170753479
1.2837437391281128
1.2059175968170166
1.15663480758667
1.1491271257400513
1.196290135383606
1.2235628366470337
1.2195305824279785
1.2139387130737305
1.2233588695526123
1.2112089395523071
1.1977975368499756
1.137891173362732
1.1273484230041504
1.1444023847579956
1.1627744436264038
1.1634324789047241
1.1901081800460815
1.2030467987060547
1.155169129371643
1.125126600265503
1.147823452949524
1.17822265625
1.1882041692733765
1.180553674697876
1.186400055885315
1.1870105266571045
1.2139393091201782
1.1978377103805542
1.211486577987671
1.2321889400482178
1.2236522436141968
1.182837963104248
1.1709078550338745
1.1687426567077637
1.196494460105896
1.2129079103469849
1.184032917022705
1.1605720520019531
1.1637121438980103
1.172253131866455
1.1128047704696655
1.1304652690887451
1.1072648763656616
1.1585416793823242
1.189587116241455
1.1879510879516602
1.2255359888076782
1.2280751466751099
1.203216791152954
1.2121896743774414
1.2168022394180298
1.1832846403121948
1.1680399179458618
1.155055284500122
1.1783503293991089
1.1619806289672852
1.1767903566360474
1.1316635608673096
1.1436033248901367
1.1474969387054443
1.1584209203720093
1.2009588479995728
1.2068464756011963
1.1572988033294678
1.1525120735168457
1.1322021484375
1.1138960123062134
1.116524577140808
1.169081211090088
1.1896934509277344
1.1734341382980347
1.1679861545562744
1.142891526222229
1.1740567684173584
1.158998727798462
1.1227142810821533
1.1092771291732788
1.102462887763977
1.1047415733337402
1.105595588684082
1.1457493305206299
1.1379903554916382
1.1534830331802368
1.1678749322891235
1.1144939661026
1.0764776468276978
1.0830880403518677
1.190356731414795
1.1926456689834595
1.2112245559692383
1.1923582553863525
1.1862860918045044
1.1687740087509155
1.1644785404205322
1.1707133054733276
1.1594748497009277
1.1372718811035156
1.1097205877304077
1.1005747318267822
1.0899113416671753
1.0615755319595337
1.0141055583953857
1.026527762413025
1.069654107093811
1.1111003160476685
1.0484964847564697
1.0681540966033936
1.0873231887817383
1.0351568460464478
1.0245683193206787
1.042824149131775
1.048080563545227
1.0678913593292236
1.0507594347000122
1.0742090940475464
1.105095386505127
1.1158090829849243
1.1255165338516235
1.1274155378341675
1.1279441118240356
1.136006236076355
1.1486650705337524
1.1263251304626465
1.0999903678894043
1.1071902513504028
1.1270124912261963
1.1988412141799927
1.132773518562317
1.132773518562317
1.14705491065979
1.207565426826477
1.2162809371948242
1.2355799674987793
1.239902377128601
1.1945371627807617
1.147117018699646
1.122768759727478
1.1204708814620972
1.0989720821380615
1.0977412462234497
1.0969338417053223
1.0911809206008911
1.0616198778152466
1.0465692281723022
1.0662953853607178
1.1244230270385742
1.135597825050354
1.1283714771270752
1.126477837562561
1.0979117155075073
1.1282204389572144
1.1499719619750977
1.1788219213485718
1.1713742017745972
1.156999945640564
1.1759076118469238
1.1572240591049194
1.1653199195861816
1.1562098264694214
1.2373169660568237
1.245276689529419
1.2094420194625854
1.137680172920227
1.1431355476379395
1.1014353036880493
1.1029919385910034
1.0984117984771729
1.0935633182525635
1.1018074750900269
1.1403157711029053
1.1425739526748657
1.1829006671905518
1.1589182615280151
1.0821133852005005
1.1006908416748047
1.1125268936157227
1.0826959609985352
1.1046398878097534
1.1066200733184814
1.096369981765747
1.1242371797561646
1.1252707242965698
1.1192065477371216
1.1372007131576538
1.1825263500213623
1.194174885749817
1.1552070379257202
1.1635710000991821
1.159987449645996
1.1931194067001343
1.189701795578003
1.1490397453308105
1.1531623601913452
1.137930989265442
1.1404582262039185
1.0951030254364014
1.1184759140014648
1.1092889308929443
1.112079381942749
1.1514240503311157
1.143852949142456
1.1806211471557617
1.1562105417251587
1.141359567642212
1.1284090280532837
1.1454050540924072
1.134784460067749
1.1447607278823853
1.1724790334701538
1.146136999130249
1.1418393850326538
1.1451948881149292
1.1312205791473389
1.1328719854354858
1.148470401763916
1.104945182800293
1.1150753498077393
1.1673240661621094
1.1841932535171509
1.1153767108917236
1.1437504291534424
1.138730764389038
1.1655762195587158
1.1598204374313354
1.1812505722045898
1.1589182615280151
1.1111667156219482
1.114418387413025
1.1788609027862549
1.1610223054885864
1.1949816942214966
1.187971591949463
1.1748591661453247
1.189515233039856
1.1798468828201294
1.191544532775879
1.1728276014328003
1.1473628282546997
1.136892557144165
1.1742472648620605
1.1734572649002075
1.1631624698638916
1.157100796699524
1.1116141080856323
1.1005895137786865
1.0998471975326538
1.1108903884887695
1.1108205318450928
1.1517459154129028
1.1955751180648804
1.1688851118087769
1.1838831901550293
1.1838539838790894
1.2053114175796509
1.212341547012329
1.1506478786468506
1.1422195434570313
1.138482928276062
1.1206737756729126
1.1381473541259766
1.172907829284668
1.1877349615097046
1.2137093544006348
1.2179250717163086
1.2102748155593872
1.249966025352478
1.258880615234375
1.1794135570526123
1.11611008644104
1.1440848112106323
1.157158374786377
1.1601390838623047
1.1757303476333618
1.1746186017990112
1.2172681093215942
1.1861333847045898
1.2033525705337524
1.2145711183547974
1.22896409034729
1.1681486368179321
1.1085987091064453
1.1099913120269775
1.119560956954956
1.1105680465698242
1.135421872138977
1.1515568494796753
1.1285324096679688
1.0904370546340942
1.0592079162597656
1.0784485340118408
1.0822402238845825
1.0902535915374756
1.1136566400527954
1.0904191732406616
1.1045706272125244
1.085025668144226
1.107738971710205
1.1056162118911743
1.1238881349563599
1.1088963747024536
1.10269033908844
1.0679672956466675
1.0771504640579224
1.088354229927063
1.0878143310546875
1.0822557210922241
1.0918864011764526
1.0815902948379517
1.0922162532806396
1.1273198127746582
1.1253623962402344
1.1055783033370972
1.087121844291687
1.0889215469360352
1.1101566553115845
1.0796599388122559
1.1372482776641846
1.11221182346344
1.1123534440994263
1.1555224657058716
1.147467851638794
1.1513020992279053
1.1380847692489624
1.1517970561981201
1.1666709184646606
1.1352778673171997
1.1237486600875854
1.1414673328399658
1.134356141090393
1.1146597862243652
1.1163100004196167
1.1171119213104248
1.066642165184021
1.0364981889724731
1.0383278131484985
1.0896512269973755
1.1401031017303467
1.1219475269317627
1.0650546550750732
1.1124413013458252
1.150146722793579
1.1722241640090942
1.2106714248657227
1.1693400144577026
1.169744610786438
1.1508944034576416
1.151547908782959
1.1729888916015625
1.176798701286316
1.1217989921569824
1.093981146812439
1.0916125774383545
1.0616928339004517
1.0848965644836426
1.1168084144592285
1.1243003606796265
1.1469721794128418
1.1080641746520996
1.1137213706970215
1.1250032186508179
1.1412827968597412
1.189382553100586
1.1996020078659058
1.1458309888839722
1.10834538936615
1.1320276260375977
1.1376299858093262
1.15070378780365
1.141334891319275
1.1409049034118652
1.1521788835525513
1.1785110235214233
1.1721248626708984
1.126269817352295
1.1089253425598145
1.14235520362854
1.132431983947754
1.12978994846344
1.116039514541626
1.083020567893982
1.0915793180465698
1.1480621099472046
1.1348055601119995
1.1511650085449219
1.1361290216445923
1.1655186414718628
1.1446006298065186
1.17281973361969
1.1883819103240967
1.1786516904830933
1.1851131916046143
1.104734182357788
1.105034351348877
1.1240103244781494
1.1727826595306396
1.1112921237945557
1.0800983905792236
1.0905475616455078
1.0943377017974854
1.1110488176345825
1.114569902420044
1.13563871383667
1.1272836923599243
1.1015392541885376
1.1126296520233154
1.1213067770004272
1.1494544744491577
1.1333235502243042
1.1127926111221313
1.1309497356414795
1.169047474861145
1.12975013256073
1.107513189315796
1.1151329278945923
1.0942869186401367
1.1249403953552246
1.1625990867614746
1.1765352487564087
1.1400330066680908
1.156102180480957
1.1321825981140137
1.0990275144577026
1.1050926446914673
1.123313069343567
1.1135817766189575
1.1073617935180664
1.0896549224853516
1.1089937686920166
1.1611440181732178
1.1524946689605713
1.171828031539917
1.1212921142578125
1.1344887018203735
1.1106374263763428
1.1320347785949707
1.122498631477356
1.1029932498931885
1.11405611038208
1.1237552165985107
1.1543198823928833
1.1582204103469849
1.1569569110870361
1.1418113708496094
1.1277306079864502
1.1254900693893433
1.1301006078720093
1.094797968864441
1.1132124662399292
1.1155604124069214
1.141074538230896
1.19241464138031
1.1729518175125122
1.1617405414581299
1.180195927619934
1.1752243041992188
1.1859019994735718
1.2193621397018433
1.2079453468322754
1.1488211154937744
1.1310837268829346
1.146937608718872
1.125045895576477
1.130811095237732
1.1526031494140625
1.131205677986145
1.1043381690979004
1.118880271911621
1.1457034349441528
1.151785135269165
1.1668992042541504
1.1470959186553955
1.138601541519165
1.1476162672042847
1.1877837181091309
1.2074989080429077
1.2182636260986328
1.2240583896636963
1.2562870979309082
1.3043590784072876
1.2441476583480835
1.2029157876968384
1.2156214714050293
1.2300434112548828
1.2065882682800293
1.2017862796783447
1.185390830039978
1.1520717144012451
1.162383794784546
1.1279834508895874
1.154707431793213
1.184497594833374
1.1494362354278564
1.1490830183029175
1.142735481262207
1.1606537103652954
1.1640418767929077
1.1386536359786987
1.0937280654907227
1.1480273008346558
1.180956244468689
1.1794432401657104
1.1946983337402344
1.2069730758666992
1.2253544330596924
1.2213382720947266
1.2245149612426758
1.230455756187439
1.229126214981079
1.2286123037338257
1.1886380910873413
1.1935495138168335
1.1574114561080933
1.1366571187973022
1.1410539150238037
1.1141752004623413
1.092891812324524
1.1030993461608887
1.0973021984100342
1.1157641410827637
1.1087276935577393
1.1040486097335815
1.120615005493164
1.1159995794296265
1.1410744190216064
1.1362240314483643
1.0974501371383667
1.0844979286193848
1.0831518173217773
1.1226892471313477
1.192084789276123
1.1659667491912842
1.1728196144104004
1.183258295059204
1.1495933532714844
1.1457732915878296
1.1610380411148071
1.168294072151184
1.2051148414611816
1.2294962406158447
1.1728925704956055
1.1891810894012451
1.2082257270812988
1.1651445627212524
1.1785598993301392
1.1720075607299805
1.1610184907913208
1.1698628664016724
1.181514859199524
1.1991214752197266
1.2171345949172974
1.1932991743087769
1.2041940689086914
1.242942214012146
1.1939136981964111
1.1952471733093262
1.1931856870651245
1.1712050437927246
1.1537034511566162
1.1489001512527466
1.170884609222412
1.223862648010254
1.2177549600601196
1.2207465171813965
1.215617299079895
1.188386082649231
1.2108690738677979
1.2141046524047852
1.195978045463562
1.1534287929534912
1.1616772413253784
1.2229557037353516
1.239554524421692
1.2372018098831177
1.2396514415740967
1.2411712408065796
1.2759928703308105
1.2700703144073486
1.213792085647583
1.1787292957305908
1.1756654977798462
1.1948734521865845
1.1688934564590454
1.1672632694244385
1.1591497659683228
1.1669447422027588
1.2017996311187744
1.1912593841552734
1.1428916454315186
1.1700239181518555
1.1663100719451904
1.1661571264266968
1.1802712678909302
1.1840827465057373
1.1660383939743042
1.1877509355545044
1.2207069396972656
1.2106174230575562
1.2397643327713013
1.2054078578948975
1.1759898662567139
1.1752171516418457
1.1859791278839111
1.2265690565109253
1.2246208190917969
1.2050144672393799
1.1781383752822876
1.1886929273605347
1.1907687187194824
1.2082911729812622
1.2439972162246704
1.2709640264511108
1.3027591705322266
1.297694444656372
1.2303643226623535
1.2151260375976563
1.175890564918518
1.124880313873291
1.146687626838684
1.1414257287979126
1.1305269002914429
1.195065975189209
1.2437965869903564
1.2622597217559814
1.262974739074707
1.2147045135498047
1.1900988817214966
1.2465900182724
1.242430567741394
1.2348337173461914
1.226983666419983
1.2064666748046875
1.20175039768219
1.186482310295105
1.2175925970077515
1.2335761785507202
1.1811782121658325
1.1773499250411987
1.1804187297821045
1.1696486473083496
1.152456283569336
1.1460938453674316
1.1980736255645752
1.2367799282073975
1.2371788024902344
1.2188295125961304
1.1620721817016602
1.1217265129089355
1.0824636220932007
1.1213300228118896
1.173209547996521
1.181284785270691
1.1682372093200684
