0.5255137085914612
0.5504422783851624
0.5350772738456726
0.5602967143058777
0.5373621582984924
0.5421704649925232
0.5459185242652893
0.5727946758270264
0.5386596918106079
0.538362443447113
0.5592399835586548
0.5496474504470825
0.5733532905578613
0.6090478301048279
0.6170614361763
0.5994911193847656
0.6317954659461975
0.608737051486969
0.6097752451896667
0.6353742480278015
0.6385008096694946
0.6784051656723022
0.6732298135757446
0.6689340472221375
0.6564991474151611
0.6441088318824768
0.6481347680091858
0.6445578932762146
0.6142846941947937
0.6276365518569946
0.6492588520050049
0.6463196873664856
0.6690803170204163
0.6473464369773865
0.6661089658737183
0.6681144833564758
0.6743849515914917
0.6963546276092529
0.7127318978309631
0.687191903591156
0.7055563926696777
0.7232884168624878
0.7295684814453125
0.7087432742118835
0.702241837978363
0.6887182593345642
0.7226387858390808
0.7161581516265869
0.684837818145752
0.7113688588142395
0.7282057404518127
0.710078775882721
0.6917997598648071
0.6948469877243042
0.680392324924469
0.6612257361412048
0.6609368324279785
0.7124847173690796
0.7133504152297974
0.6913102865219116
0.6661953330039978
0.6552435755729675
0.6622017025947571
0.7092492580413818
0.7526571154594421
0.7287886142730713
0.678324282169342
0.6657834649085999
0.7132603526115417
0.7048565745353699
0.7042110562324524
0.7187700867652893
0.6956778168678284
0.6723769307136536
0.6754366755485535
0.6663350462913513
0.6457310318946838
0.6587845087051392
0.6783350110054016
0.6768787503242493
0.6810432076454163
0.6595289707183838
0.683012843132019
0.7020452618598938
0.6815997362136841
0.6754356622695923
0.6608970165252686
0.6318338513374329
0.6970453858375549
0.7011234760284424
0.6799789071083069
0.6810593605041504
0.7046385407447815
0.7151491045951843
0.6546657681465149
0.6590051054954529
0.6838189363479614
0.6783572435379028
0.6753569841384888
0.7246491312980652
0.7022799253463745
0.6850361227989197
0.7034362554550171
0.6929481029510498
0.6942664384841919
0.7074313759803772
0.6941180229187012
0.6800169348716736
0.7426519989967346
0.72496098279953
0.7172831296920776
0.7279283404350281
0.6992247104644775
0.687314510345459
0.7056186199188232
0.7118939161300659
0.6858888268470764
0.6788594722747803
0.6889608502388
0.6999998092651367
0.7184313535690308
0.6562749743461609
0.6518443822860718
0.6800454258918762
0.6921345591545105
0.7205482125282288
0.7348433136940002
0.7109051942825317
0.6888813972473145
0.7119921445846558
0.7309262752532959
0.7536839842796326
0.768179714679718
0.7537508010864258
0.6877166032791138
0.6956813931465149
0.7128254175186157
0.7124819755554199
0.7137463688850403
0.7482362389564514
0.7273676991462708
0.7252740263938904
0.7345970869064331
0.7389237880706787
0.7647921442985535
0.7536565661430359
0.7168107628822327
0.7422313690185547
0.7460929751396179
0.758162796497345
0.7281438112258911
0.7403736114501953
0.7402819395065308
0.744224488735199
0.7363882064819336
0.7705772519111633
0.7438645958900452
0.7087896466255188
0.7063701748847961
0.7489445209503174
0.7457605004310608
0.7339553236961365
0.7346067428588867
0.6956486105918884
0.6900548338890076
0.6783437132835388
0.7011274695396423
0.6926029920578003
0.7249091267585754
0.7224554419517517
0.7321334481239319
0.7635257840156555
0.7834555506706238
0.7543073296546936
0.7403165102005005
0.7031109929084778
0.6835324168205261
0.733634352684021
0.7474521398544312
0.7877405881881714
0.7476392984390259
0.7346784472465515
0.7321820855140686
0.752590537071228
0.7498083710670471
0.7668771147727966
0.7477187514305115
0.7364304661750793
0.7642083764076233
0.7532781958580017
0.7376540899276733
0.7119258046150208
0.752417266368866
0.759030818939209
0.755976676940918
0.7551388740539551
0.7643384337425232
0.7510898113250732
0.7482521533966064
0.7732434272766113
0.741061806678772
0.7528141140937805
0.7604262828826904
0.7404173612594604
0.7626249194145203
0.779090166091919
0.7773223519325256
0.7648025155067444
0.7778946161270142
0.7644959092140198
0.7546225190162659
0.7140953540802002
0.7156538963317871
0.733318030834198
0.7103806734085083
0.7585183382034302
0.7662364840507507
0.7978970408439636
0.7686529159545898
0.7631227374076843
0.7580764889717102
0.7320169806480408
0.7413547039031982
0.7308961749076843
0.7142495512962341
0.729153573513031
0.7613821029663086
0.7500912547111511
0.7449888586997986
0.7699207663536072
0.7770652174949646
0.7254214882850647
0.7569441795349121
0.7507308125495911
0.7164783477783203
0.7353256940841675
0.7738280892372131
0.769568681716919
0.743197500705719
0.7672713994979858
0.7682355642318726
0.7645691633224487
0.7790443301200867
0.8323923349380493
0.7898949980735779
0.7618453502655029
0.7574090361595154
0.7305072546005249
0.7625339031219482
0.7697678208351135
0.7359849214553833
0.7508611679077148
0.7828537225723267
0.7906931042671204
0.8287655115127563
0.8127103447914124
0.7889468669891357
0.7480798363685608
0.7627042531967163
0.770892858505249
0.7789798974990845
0.7409956455230713
0.7259731888771057
0.7168864011764526
0.7713558673858643
0.7775859832763672
0.8170925974845886
0.7760158181190491
0.7995046973228455
0.7596501708030701
0.8007320761680603
0.8176674246788025
0.8136138319969177
0.8331276178359985
0.821671724319458
0.8232560753822327
0.8113653063774109
0.8319006562232971
0.8127432465553284
0.7911356687545776
0.8163362741470337
0.8286066055297852
0.8541679382324219
0.8950750231742859
0.9080612063407898
0.8993047475814819
0.8895275592803955
0.8562566637992859
0.8243845701217651
0.7937103509902954
0.812058687210083
0.8115485310554504
0.7770564556121826
0.7847855687141418
0.7929807901382446
0.7745484113693237
0.7521820664405823
0.7568485736846924
0.7625861167907715
0.7862953543663025
0.8182764649391174
0.8492245078086853
0.7985662221908569
0.7924746870994568
0.8402233123779297
0.866989254951477
0.8192840814590454
0.8077444434165955
0.7935854196548462
0.8002825379371643
0.8234638571739197
0.8064946532249451
0.7953711152076721
0.8332977294921875
0.79288649559021
0.8027830123901367
0.8248189091682434
0.8297263383865356
0.88149493932724
0.8467406034469604
0.8846400380134583
0.8956334590911865
0.9047203063964844
0.9206173419952393
0.9389843344688416
0.9353174567222595
0.9538977146148682
0.9836456179618835
0.9746397137641907
1.0075950622558594
1.003967046737671
0.9905561208724976
0.9761022925376892
1.0008398294448853
0.9750911593437195
0.9388228058815002
0.9290241003036499
0.9257453083992004
0.9059403538703918
0.901025652885437
0.9049737453460693
0.9076068997383118
0.8916578888893127
0.9413121938705444
0.9653939008712769
0.9444682002067566
0.9192661046981812
0.9426440596580505
0.9352992177009583
0.9135069251060486
0.9421382546424866
0.9466974139213562
0.9241633415222168
0.9263385534286499
0.8948880434036255
0.9550415277481079
0.991290807723999
1.0522559881210327
1.020825743675232
1.020203948020935
1.033355951309204
1.0231281518936157
1.0023404359817505
0.9661473631858826
0.9554502367973328
0.9794241189956665
1.0056415796279907
1.0281314849853516
1.0240037441253662
1.0300025939941406
1.0361957550048828
1.0346126556396484
1.0273982286453247
1.0140169858932495
0.9900720715522766
0.9813548922538757
0.9746311902999878
0.9945817589759827
1.0010493993759155
1.0053037405014038
1.0055989027023315
1.0282495021820068
1.0107835531234741
0.9593571424484253
0.9589968919754028
0.9949928522109985
0.9567789435386658
0.964907169342041
0.9598372578620911
0.9249350428581238
0.8928126096725464
0.9661728739738464
0.9703291654586792
0.9640876054763794
0.8856499195098877
0.8754844069480896
0.916145920753479
0.9322044253349304
0.9159349203109741
0.9490736722946167
0.9543845653533936
0.9291377067565918
0.9611958861351013
0.9530094861984253
0.9575287103652954
0.9708545207977295
0.99017333984375
0.9573794007301331
0.9481672644615173
0.9681676030158997
1.0029085874557495
0.9894149899482727
0.9818682074546814
0.9969954490661621
0.9891855120658875
0.9267569184303284
0.9247674345970154
0.9100509285926819
0.9095773696899414
0.8942000865936279
0.8883839249610901
0.8907018303871155
0.9045397639274597
0.9448589086532593
0.909162700176239
0.859940767288208
0.883800208568573
0.8833594918251038
0.8772993087768555
0.8478195071220398
0.8761312365531921
0.9494859576225281
0.9916784167289734
0.9519416093826294
0.9390862584114075
0.945366621017456
0.9454380869865417
0.9332377910614014
0.9433936476707458
0.9439594149589539
0.9632848501205444
0.940974771976471
0.9455711245536804
0.9099474549293518
0.8930143117904663
0.9379453063011169
0.9401757717132568
0.9127938747406006
0.9168596267700195
0.9421645998954773
0.9396297931671143
0.944726288318634
0.9663397669792175
0.967422366142273
0.950722336769104
0.9590488076210022
0.9166122078895569
0.9268875122070313
0.9256083965301514
0.9107378721237183
0.932938277721405
0.9397985935211182
0.9138322472572327
0.8990325331687927
0.875743567943573
0.9291228652000427
0.9520006775856018
0.9785209894180298
0.9715762138366699
0.9524638056755066
0.9243362545967102
0.9649209380149841
0.93967604637146
0.955111026763916
0.9183522462844849
0.9205992817878723
0.8974508047103882
0.9187759160995483
0.9110999703407288
0.9040108919143677
0.9186989068984985
0.8998953700065613
0.8880834579467773
0.8981449007987976
0.9323003888130188
0.9791030883789063
0.9425508975982666
0.9535334706306458
0.9630747437477112
0.9971489310264587
0.973250150680542
0.9317617416381836
0.9099106788635254
0.9370782971382141
0.9395480751991272
0.9506338238716125
0.9200605750083923
0.9243096709251404
0.9163108468055725
0.9245066046714783
0.8964797258377075
0.9469414353370667
0.9441262483596802
0.9614425301551819
0.9708905220031738
0.9938942790031433
0.9787122011184692
0.9801185727119446
1.0057563781738281
1.0246764421463013
0.9409947991371155
0.9001120924949646
0.9196016788482666
0.9405388832092285
0.9387935996055603
0.9325332045555115
0.9427452087402344
0.9430702328681946
0.9534602165222168
0.9793060421943665
0.9731501340866089
0.961809515953064
0.9781328439712524
0.9680558443069458
0.9407986998558044
0.9527381062507629
0.9748515486717224
1.0504412651062012
1.0536854267120361
1.026210904121399
0.9878973960876465
0.957678496837616
0.9714972972869873
0.9292020797729492
0.8576448559761047
0.9127362966537476
0.8879525065422058
0.920603334903717
0.9287066459655762
0.8838160037994385
0.8579311370849609
0.901706337928772
0.9102079272270203
0.933423638343811
0.9632405042648315
0.9307407736778259
0.9320002198219299
0.9380621314048767
0.9166744947433472
0.9159049987792969
0.931178092956543
0.9282493591308594
0.9985196590423584
1.0019973516464233
0.9406754970550537
0.9621078968048096
0.9372855424880981
0.949255108833313
0.932891309261322
0.9638103246688843
0.9589926600456238
0.976386547088623
0.9752964377403259
0.968675971031189
0.9119952917098999
0.872321605682373
0.8716901540756226
0.8954246044158936
0.9453205466270447
0.9907113313674927
0.9649484157562256
0.898223876953125
0.8930078744888306
0.9033830761909485
0.9215997457504272
0.9150588512420654
0.8754758834838867
0.8634823560714722
0.8881675601005554
0.8851054310798645
0.8656449913978577
0.8840683698654175
0.8757457137107849
0.8507410883903503
0.8285132050514221
0.8224208354949951
0.8276655077934265
0.8661360740661621
0.849833071231842
0.86534184217453
0.8694501519203186
0.8520628213882446
0.8336363434791565
0.8426896333694458
0.8255385756492615
0.8148214221000671
0.843026876449585
0.8106570839881897
0.7794698476791382
0.7927469611167908
0.8280012011528015
0.8191701173782349
0.8234911561012268
0.8191606402397156
0.8272821307182312
0.8388176560401917
0.8455248475074768
0.8347389101982117
0.8116923570632935
0.8345191478729248
0.8671717047691345
0.8831450343132019
0.8725944757461548
0.885420024394989
0.9421654343605042
0.9446460008621216
0.909692108631134
0.921941876411438
0.8997945189476013
0.8795623779296875
0.8381927609443665
0.8723318576812744
0.8082400560379028
0.8176079988479614
0.8241463303565979
0.8008971214294434
0.7952367067337036
0.8066980838775635
0.7984240651130676
0.8375446796417236
0.83597731590271
0.8178054094314575
0.8320269584655762
0.8596494197845459
0.8609959483146667
0.8765515685081482
0.8863983750343323
0.859329104423523
0.8418219089508057
0.8142907023429871
0.8070394992828369
0.7912311553955078
0.8056612610816956
0.8161028623580933
0.7945148944854736
0.809370219707489
0.829041600227356
0.81562739610672
0.8517820835113525
0.8631710410118103
0.8790026903152466
0.871710479259491
0.8828667402267456
0.8872421383857727
0.8784559965133667
0.8867793083190918
0.8744162321090698
0.8550683259963989
0.8435429930686951
0.8273913860321045
0.8181101679801941
0.8443533778190613
0.8296099305152893
0.8314919471740723
0.8486130237579346
0.8398295044898987
0.8109349012374878
0.8116539716720581
0.7812983989715576
0.7985860109329224
0.7776302099227905
0.8243281841278076
0.8158503770828247
0.8214603662490845
0.8444601893424988
0.8126102089881897
0.8286444544792175
0.8341245651245117
0.8672904372215271
0.8522647023200989
0.8434032201766968
0.8814863562583923
0.890618622303009
0.8761296272277832
0.8811307549476624
0.8643335103988647
0.909360408782959
0.9264647364616394
0.9113134741783142
0.8902999758720398
0.8435540795326233
0.8612076640129089
0.8540844917297363
0.8682626485824585
0.9083366990089417
0.8903043270111084
0.8735958337783813
0.8918490409851074
0.8521063327789307
0.8554490208625793
0.8815394043922424
0.8704439997673035
0.8751929402351379
0.8922900557518005
0.9237973690032959
0.8955568075180054
0.8300078511238098
0.8431659936904907
0.8720383048057556
0.875135064125061
0.8975536227226257
0.9040268063545227
0.9102901220321655
0.9005918502807617
0.8807915449142456
0.8864265084266663
0.8879337310791016
0.8483824133872986
0.8578135371208191
0.8608251810073853
0.8413051962852478
0.8515329360961914
0.8458951711654663
0.870740532875061
0.8808262348175049
0.8895052075386047
0.8715348839759827
0.8688172698020935
0.8626892566680908
0.8567512631416321
0.858582615852356
0.8620111346244812
0.8567559123039246
0.8842732310295105
0.8884199857711792
0.8900102972984314
0.8520708084106445
0.8634065985679626
0.8796884417533875
0.8986074924468994
0.9360822439193726
0.916664183139801
0.8972228169441223
0.8717990517616272
0.8751804828643799
0.8646073341369629
0.8872126936912537
0.8852961659431458
0.9006837606430054
0.9512396454811096
0.9460268616676331
0.8985440135002136
0.9343159198760986
0.9292828440666199
0.8993654847145081
0.9001218676567078
0.8679915070533752
0.864232063293457
0.9109102487564087
0.8777332305908203
0.9058499932289124
0.9155698418617249
0.9372650980949402
0.971574068069458
0.9720744490623474
0.9763001203536987
0.9520768523216248
0.9238114953041077
0.9391453862190247
0.9284180998802185
0.9319686889648438
0.9697690606117249
0.9874719381332397
0.954176664352417
0.9268010258674622
0.9038914442062378
0.9512346386909485
0.9701651334762573
0.9887942671775818
0.9717121124267578
1.00943922996521
1.0153595209121704
0.984684944152832
0.9598580002784729
0.9546863436698914
0.9426530599594116
0.9515483379364014
0.9707303047180176
0.9674350619316101
0.9435655474662781
0.9211241602897644
0.9080734848976135
0.9081613421440125
0.9414022564888
0.918393611907959
0.9075952768325806
0.8913015127182007
0.9294984936714172
0.9634198546409607
0.9429072737693787
0.9047523736953735
0.8678502440452576
0.8843743801116943
0.8800198435783386
0.890016496181488
0.9081162810325623
0.8717668056488037
0.892617404460907
0.911689043045044
0.902783989906311
0.8902968764305115
0.922950804233551
0.9482624530792236
0.9207023978233337
0.921713650226593
0.9398046731948853
0.9307103753089905
0.9099854826927185
0.91409832239151
0.9272637963294983
0.9814345836639404
0.9587860703468323
0.9394583702087402
0.9161533713340759
0.9315694570541382
0.9340690970420837
0.9291926026344299
0.9445574879646301
0.9758496284484863
1.0038552284240723
0.9725227952003479
0.9557850360870361
0.9616010785102844
0.9454470276832581
0.9373500943183899
0.9396899342536926
0.9339375495910645
0.9444172382354736
0.9411489367485046
0.9305750131607056
0.9030714631080627
0.8978795409202576
0.9252429008483887
0.9373807907104492
0.947604238986969
0.9591460227966309
0.982046902179718
0.9980759620666504
1.0265963077545166
1.031368374824524
1.017721176147461
1.0030174255371094
0.9589980840682983
0.9459314346313477
0.9891197085380554
0.9750706553459167
0.9846370220184326
0.9404582381248474
0.9523950815200806
0.9530380964279175
0.9544050693511963
0.9800292253494263
0.9668125510215759
0.9682178497314453
0.9649474024772644
0.9618858098983765
0.9350276589393616
0.936184823513031
0.9577440023422241
0.9701212048530579
1.0143799781799316
0.9986184239387512
0.9968157410621643
1.0149132013320923
1.026623249053955
0.9976094961166382
0.9852879643440247
0.9658651947975159
0.9516382217407227
0.9609942436218262
0.9532053470611572
0.9648409485816956
0.9085426330566406
0.853050947189331
0.8543464541435242
0.9350941181182861
0.9579243659973145
0.9260042309761047
0.918669581413269
0.9486445188522339
0.9490747451782227
0.9576082229614258
0.8980980515480042
0.9040387868881226
0.9082843661308289
0.940031111240387
0.9049519300460815
0.9007565379142761
0.9185572862625122
0.9593997597694397
0.9230805039405823
0.9123059511184692
0.9351699352264404
0.9752407073974609
0.9628618359565735
0.9227538108825684
0.9184516072273254
0.9155264496803284
0.9066711664199829
0.9099007844924927
0.9623258113861084
0.9682525396347046
0.9413031339645386
0.9542478322982788
0.9398202300071716
0.9507707357406616
0.9347907900810242
0.9114513397216797
0.9347012042999268
0.9390317797660828
0.9369074702262878
0.9523976445198059
0.9350195527076721
0.9465243816375732
0.9829928874969482
1.007027268409729
0.9621658325195313
0.95443195104599
1.0053582191467285
0.9655996561050415
0.9084909558296204
0.8959285616874695
0.8473079800605774
0.850993275642395
0.843147337436676
0.8346391320228577
0.8989970088005066
0.8946934342384338
0.9104538559913635
0.9173213839530945
0.9277394413948059
0.9358701705932617
0.9422034025192261
0.9532944560050964
0.9722159504890442
1.0074410438537598
1.0456771850585938
0.9758691191673279
0.9750452041625977
0.9596033096313477
0.95353764295578
0.9203043580055237
0.9015488028526306
0.9036574363708496
0.9229040741920471
0.9312458038330078
0.9379361867904663
0.9229771494865417
0.935315728187561
0.9281662106513977
0.9255641102790833
0.9482375979423523
0.9810881018638611
0.9611141681671143
0.9290351867675781
0.9347191452980042
0.9372925162315369
0.9103910326957703
0.9307056665420532
0.9127467274665833
0.9098357558250427
0.9124824404716492
0.9302406311035156
0.9622507095336914
0.9571188688278198
0.9391723275184631
0.9436338543891907
0.9454019069671631
0.906688928604126
0.9010047316551208
0.9056693315505981
0.9099323749542236
0.9287487864494324
0.9388523101806641
0.9137941002845764
0.9142748713493347
0.9105883836746216
0.8548564314842224
0.9151706695556641
0.9265144467353821
0.9405213594436646
0.900418221950531
0.8850926160812378
0.8930587768554688
0.9228241443634033
0.8953372836112976
0.8691983819007874
0.8929026126861572
0.89888995885849
0.9367644190788269
0.9414990544319153
0.9257179498672485
0.937768816947937
0.9023609757423401
0.9610388875007629
0.9519318342208862
0.9498796463012695
0.9397016167640686
0.8867810368537903
0.9060166478157043
0.9409555196762085
0.9311996102333069
0.9372465014457703
0.9430949687957764
0.9543560147285461
1.0031187534332275
0.9906267523765564
0.9520071148872375
0.9346520900726318
0.9437147378921509
0.9440494775772095
0.9318511486053467
0.9130392074584961
0.9171063303947449
0.9476189017295837
0.984272301197052
0.9553684592247009
0.9758482575416565
0.9729334712028503
1.0324777364730835
1.0565012693405151
1.0335638523101807
1.0462642908096313
0.9834253787994385
0.9792861938476563
1.041398286819458
1.053978443145752
1.042677879333496
1.0384162664413452
1.0296690464019775
1.0532395839691162
1.0319514274597168
1.0467232465744019
1.0326889753341675
1.0147606134414673
1.0373289585113525
1.0252089500427246
1.0640641450881958
1.0618994235992432
1.080325722694397
1.0919350385665894
1.079237699508667
1.098085641860962
1.078825831413269
1.081067681312561
1.0903711318969727
1.10053551197052
1.0934741497039795
1.037188172340393
1.0436848402023315
1.067179560661316
1.0642664432525635
1.0456318855285645
1.0492675304412842
1.0567100048065186
1.049410104751587
1.066033959388733
1.0134044885635376
1.0479570627212524
1.0320378541946411
1.0736178159713745
1.058706283569336
1.0838695764541626
1.0750640630722046
1.0565590858459473
1.0741645097732544
1.0553141832351685
1.0640628337860107
1.0525776147842407
1.0502773523330688
1.0502766370773315
1.0595436096191406
1.0431456565856934
1.0230404138565063
0.9918049573898315
1.0118451118469238
0.9694779515266418
0.9818150997161865
0.9696912169456482
1.0039563179016113
0.9805192947387695
1.0036754608154297
0.9863215684890747
0.9708383083343506
0.9533548951148987
0.9640198349952698
1.0028222799301147
0.9910778403282166
1.0040501356124878
1.0494014024734497
1.070068597793579
1.0510287284851074
1.0435529947280884
1.0691957473754883
1.0816130638122559
1.058009386062622
1.0387592315673828
0.9866887927055359
1.021124005317688
1.0224857330322266
1.0500133037567139
1.0660103559494019
1.042052149772644
1.0639574527740479
1.07645583152771
1.1033143997192383
1.0997620820999146
1.0888431072235107
1.0945297479629517
1.103631854057312
1.0664575099945068
1.056146264076233
1.0395466089248657
1.081209659576416
1.0700544118881226
1.0963597297668457
1.0757849216461182
1.0275951623916626
1.037065029144287
1.0133036375045776
0.9960548877716064
0.9874050617218018
1.0253835916519165
1.039790153503418
1.0494285821914673
1.0159498453140259
1.0324316024780273
1.0214884281158447
1.038120150566101
1.0289897918701172
1.0149990320205688
0.9858070015907288
0.9597764611244202
0.9846318364143372
1.010311245918274
0.9983092546463013
0.991848349571228
1.001285433769226
1.0399281978607178
1.022573709487915
1.048612356185913
1.0365036725997925
1.05801522731781
1.0515069961547852
1.0513428449630737
1.0864449739456177
1.1082017421722412
1.0813114643096924
1.0405219793319702
1.0752387046813965
1.0688650608062744
1.0273160934448242
1.01600980758667
1.0586565732955933
1.0798107385635376
1.0928337574005127
1.0357930660247803
1.0101498365402222
0.9976974129676819
0.9530766010284424
0.9219183921813965
1.0012757778167725
0.9815024733543396
1.008568286895752
1.0060981512069702
0.9997172355651855
0.984420120716095
1.004469871520996
1.016796350479126
1.0012894868850708
0.9710485339164734
0.9847294092178345
0.9634941220283508
0.9577334523200989
0.9942548274993896
1.0058822631835938
1.0424318313598633
1.035489797592163
0.9803875684738159
0.9871689677238464
0.9728612899780273
0.9959414601325989
0.9976101517677307
0.9883542656898499
0.9727600812911987
1.0007929801940918
0.9718647599220276
0.9603588581085205
0.9891505241394043
0.9735894799232483
0.9889171123504639
1.000380516052246
1.0169230699539185
1.013187050819397
0.9792984127998352
0.9919969439506531
0.9985995888710022
0.9971490502357483
0.9899910688400269
0.9564101099967957
0.9530432820320129
0.9982983469963074
1.0224262475967407
1.0447391271591187
1.0440659523010254
1.0689713954925537
1.0540497303009033
1.0372506380081177
1.0291357040405273
1.0649755001068115
1.0539085865020752
1.0361840724945068
1.0500112771987915
1.070670247077942
1.0678247213363647
1.0752010345458984
1.0545953512191772
1.0513169765472412
1.0672030448913574
1.0397616624832153
1.0270901918411255
1.0116205215454102
1.025753378868103
1.0239818096160889
1.016964077949524
1.0259110927581787
1.061373233795166
1.03957200050354
1.0496346950531006
1.0386018753051758
0.9879592657089233
1.0238076448440552
1.0673489570617676
1.0826759338378906
1.0893834829330444
1.1219112873077393
1.1228810548782349
1.0987391471862793
1.0633373260498047
1.0304232835769653
1.0495009422302246
1.0584017038345337
1.0687905550003052
1.039425253868103
1.02396559715271
1.0459977388381958
1.0453962087631226
1.0618791580200195
1.0644890069961548
1.0831782817840576
1.058167815208435
1.0192173719406128
1.0824689865112305
1.053553819656372
1.0292737483978271
1.0218886137008667
0.9581335186958313
0.943275511264801
1.0036280155181885
1.0280725955963135
0.9990548491477966
1.0209962129592896
1.0359807014465332
1.0542442798614502
1.0457934141159058
1.0153003931045532
1.0353556871414185
1.0083773136138916
1.0451310873031616
1.0209304094314575
1.0176886320114136
1.004897952079773
0.9927130937576294
0.9651973843574524
1.0315344333648682
1.0648384094238281
1.0668541193008423
1.0664913654327393
1.0525233745574951
1.0439543724060059
1.0315470695495605
0.9917699694633484
0.9889181852340698
1.0388422012329102
1.0907014608383179
1.0950385332107544
1.1037997007369995
1.1073352098464966
1.0882371664047241
1.0929524898529053
1.0772982835769653
1.0743069648742676
1.092286229133606
1.1288950443267822
1.0637511014938354
1.0280611515045166
1.0117775201797485
1.0247936248779297
1.0415127277374268
1.0628641843795776
1.0571988821029663
1.0939662456512451
1.0862563848495483
1.0629620552062988
1.0450199842453003
1.0652480125427246
1.0597306489944458
1.0999245643615723
1.078947901725769
1.0610857009887695
1.0876691341400146
1.0581681728363037
1.0568174123764038
1.074256420135498
1.0881266593933105
1.0602892637252808
1.08188796043396
1.0924464464187622
1.0263926982879639
1.0336897373199463
1.0495253801345825
1.0376479625701904
1.0192854404449463
1.0157341957092285
1.0183132886886597
0.998035728931427
0.9877273440361023
0.9791804552078247
0.9464868903160095
0.9882853031158447
0.9879065752029419
1.0019360780715942
1.0464521646499634
1.0693233013153076
1.0286574363708496
0.9733154773712158
0.9617182612419128
0.9477126002311707
0.9363313317298889
0.9719732999801636
1.0145862102508545
0.9996402859687805
0.9605568647384644
0.9890235066413879
1.015080451965332
1.0231132507324219
1.0074563026428223
0.9932514429092407
0.9753423929214478
0.9897028803825378
0.9827948808670044
1.0031405687332153
1.0015757083892822
0.9839525818824768
0.9913719892501831
0.9831027984619141
0.995954155921936
0.9679015278816223
0.9712886214256287
1.0065159797668457
1.0410432815551758
1.0556471347808838
1.0491210222244263
1.0876970291137695
1.043762445449829
1.01425039768219
1.0039587020874023
1.040097713470459
1.0331538915634155
1.0183281898498535
1.0280539989471436
1.0526186227798462
1.0534082651138306
1.0268813371658325
1.0280612707138062
1.0638256072998047
1.0420933961868286
0.9857262969017029
1.0173876285552979
1.0346996784210205
1.0573028326034546
1.058175802230835
1.0850640535354614
1.087736964225769
1.1108458042144775
1.1260255575180054
1.085708737373352
1.0911707878112793
1.1194826364517212
1.1097038984298706
1.085256814956665
1.0733133554458618
1.0915687084197998
1.0276802778244019
1.021856665611267
0.9448965787887573
0.9578323364257813
0.9362862706184387
0.926832914352417
0.9182764887809753
0.9476578235626221
0.972206175327301
0.9969263076782227
1.0148507356643677
1.0261430740356445
1.011721134185791
1.0181080102920532
1.0188957452774048
0.9760350584983826
0.967120349407196
0.9936609864234924
1.0141421556472778
0.9922288656234741
0.9521421194076538
0.9662327766418457
0.9469554424285889
0.9396894574165344
0.9559860825538635
0.9785829186439514
0.9861270785331726
1.0053224563598633
1.007247805595398
1.0101265907287598
1.0099687576293945
1.016843318939209
1.0416620969772339
1.0252797603607178
1.021466851234436
1.020688533782959
1.0504169464111328
1.0933237075805664
1.1042217016220093
1.0726103782653809
1.0709589719772339
1.0871241092681885
1.0949865579605103
1.031869888305664
1.0557528734207153
1.090343952178955
1.1000981330871582
1.1050145626068115
1.051269769668579
1.041090965270996
1.0346777439117432
1.0622613430023193
1.0850915908813477
1.0713924169540405
1.0430560111999512
1.0447908639907837
1.0678280591964722
1.0835505723953247
1.0931881666183472
1.069043517112732
1.091912865638733
1.1100364923477173
1.0760304927825928
1.0606094598770142
1.0911617279052734
1.098028302192688
1.0798163414001465
1.0368179082870483
1.0113052129745483
1.0071477890014648
1.068346381187439
1.064324975013733
1.0714010000228882
1.0974441766738892
1.0770187377929688
1.0702846050262451
1.0770970582962036
1.0674623250961304
1.0632171630859375
1.0746320486068726
1.1021440029144287
1.1269572973251343
1.1357876062393188
1.0805352926254272
1.083885669708252
1.0594441890716553
1.0687308311462402
1.0353384017944336
1.0822786092758179
1.1145272254943848
1.102860927581787
1.1284748315811157
1.0787267684936523
1.082226037979126
1.063225507736206
1.0530297756195068
1.0429660081863403
1.0721137523651123
1.055639386177063
1.0374746322631836
1.0251961946487427
1.0195409059524536
1.0463693141937256
1.056176781654358
1.0843837261199951
1.101058006286621
1.0831021070480347
1.0959854125976563
1.0730485916137695
1.0380444526672363
1.0151885747909546
0.9969974160194397
1.0453863143920898
1.0441019535064697
1.0972983837127686
1.1138734817504883
1.0882633924484253
1.0632827281951904
1.0798059701919556
1.1410523653030396
1.134393572807312
1.1500076055526733
1.0835596323013306
1.0501415729522705
1.09401273727417
1.10806143283844
1.102793574333191
1.0967764854431152
1.110771656036377
1.1088273525238037
1.1807506084442139
1.177294135093689
1.1604769229888916
1.1269047260284424
1.0931111574172974
1.0956043004989624
1.0610430240631104
1.091465711593628
1.1212217807769775
1.1447374820709229
1.1408963203430176
1.0978459119796753
1.1335920095443726
1.1718010902404785
1.1590068340301514
1.1495227813720703
1.1398762464523315
1.1192302703857422
1.103866696357727
1.1057751178741455
1.1168854236602783
1.112604022026062
1.1365236043930054
1.172729730606079
1.1662691831588745
1.1242040395736694
1.0760091543197632
1.0335311889648438
1.0664076805114746
1.0945922136306763
1.0957363843917847
1.1337909698486328
1.1131428480148315
1.090283989906311
1.0827127695083618
1.1001688241958618
1.0948768854141235
1.083087682723999
1.097221851348877
1.0650633573532104
1.0386112928390503
1.0233339071273804
1.0129607915878296
1.0424108505249023
1.0423916578292847
1.0214682817459106
0.9910067915916443
1.0256145000457764
1.0824588537216187
1.0589520931243896
1.0454744100570679
1.0438165664672852
1.038907527923584
1.0452678203582764
1.0881803035736084
1.048661231994629
1.077879786491394
1.0657689571380615
1.046365737915039
1.038077473640442
1.055679440498352
1.0815320014953613
1.0830639600753784
1.124593734741211
1.1326072216033936
1.126832365989685
1.0955506563186646
1.0920898914337158
1.1209287643432617
1.1133320331573486
1.1135473251342773
1.1121163368225098
1.0890942811965942
1.0807909965515137
1.0698232650756836
1.0718975067138672
1.0876500606536865
1.0845322608947754
1.0695607662200928
1.0525591373443604
1.0834178924560547
1.0924464464187622
1.0532679557800293
1.0121136903762817
1.0362526178359985
1.0235753059387207
1.0120118856430054
1.0230214595794678
1.0052915811538696
0.9962275624275208
0.9964598417282104
0.946485698223114
0.9660430550575256
0.9865676164627075
0.9901254773139954
1.0118483304977417
1.023571491241455
1.0073641538619995
1.0146865844726563
0.9822512865066528
0.9632036089897156
0.9499883651733398
0.9790378212928772
1.0128765106201172
1.0094739198684692
1.0194439888000488
1.0090625286102295
0.99125736951828
1.002789855003357
0.9731680154800415
0.9591612815856934
0.9898523092269897
1.0084805488586426
1.0053625106811523
1.0242148637771606
1.0488784313201904
1.0479787588119507
1.015516757965088
1.0416702032089233
1.0011271238327026
1.0273200273513794
1.0907877683639526
1.0532171726226807
1.0243589878082275
1.0040596723556519
1.0094367265701294
1.0178322792053223
0.9844490885734558
1.0361542701721191
1.0886353254318237
1.0637202262878418
0.9873168468475342
1.0262556076049805
1.0131198167800903
0.9928491711616516
1.020729660987854
1.0757189989089966
1.0421082973480225
1.0474328994750977
1.0547188520431519
1.0461374521255493
1.0361371040344238
0.9900084137916565
0.993389904499054
0.9768779277801514
1.0090457201004028
1.053300142288208
1.0664972066879272
1.088582992553711
1.0387682914733887
1.0501866340637207
1.0400370359420776
1.0424816608428955
1.0315265655517578
1.0565091371536255
1.0363284349441528
1.0449236631393433
1.0170295238494873
1.0306302309036255
1.059578776359558
1.0337870121002197
1.058855652809143
1.0073915719985962
0.9875638484954834
0.9805908203125
0.9900653958320618
1.0204598903656006
1.024585247039795
1.0078052282333374
1.006493091583252
1.0082318782806396
1.0110145807266235
1.020283818244934
1.0273587703704834
1.064227819442749
1.0827230215072632
1.04999840259552
1.0638750791549683
1.0428467988967896
1.0472538471221924
1.0223379135131836
1.01026451587677
1.0483360290527344
1.0688462257385254
1.066137433052063
1.0260615348815918
1.029373049736023
1.0736498832702637
1.0634807348251343
1.0351943969726563
1.0412451028823853
1.023480772972107
1.048484444618225
1.0175657272338867
1.0013972520828247
0.9966874718666077
1.0089856386184692
0.9860820770263672
0.9720624089241028
0.9697295427322388
1.0296238660812378
1.0211329460144043
0.9948618412017822
0.9856454730033875
0.9750467538833618
0.9833798408508301
0.9955389499664307
0.9680563807487488
1.0130198001861572
1.0174179077148438
1.0527375936508179
1.026886224746704
1.0220448970794678
1.0140295028686523
0.9703904390335083
0.9733205437660217
0.9794154763221741
1.0100563764572144
0.9856674075126648
0.9957360625267029
0.998763382434845
1.0047563314437866
1.010124921798706
0.9822297692298889
0.9927348494529724
0.9734274744987488
0.961967408657074
0.9912887811660767
0.9693197011947632
1.0139740705490112
0.9819484949111938
0.9984535574913025
0.9844913482666016
0.99986732006073
1.0064163208007813
0.9778153896331787
0.9689216613769531
1.01129949092865
0.9771957397460938
0.9755089282989502
1.0019676685333252
0.9992177486419678
0.9799144268035889
0.9811151623725891
0.9425491690635681
0.9298563003540039
0.9434968829154968
0.9371646046638489
0.9330366849899292
0.9564138054847717
0.9467437863349915
0.9482799172401428
0.9528963565826416
0.9462814331054688
0.9493159055709839
0.9510511755943298
0.9307230114936829
0.9466925263404846
0.9410178065299988
0.956403911113739
0.9634178876876831
0.9571027755737305
0.9239650964736938
0.9236047267913818
0.9146251082420349
0.9395886659622192
0.9224538803100586
0.9243385791778564
0.9448237419128418
0.9499102830886841
0.9488868713378906
0.9599930047988892
0.9736667275428772
0.9861873984336853
0.9909310340881348
0.9896863102912903
0.9935474395751953
0.9372782707214355
0.934674859046936
0.9717963337898254
0.9768791794776917
0.9706426858901978
0.9812400937080383
1.0051614046096802
0.9948899149894714
0.9804955124855042
0.9948340058326721
0.9806137681007385
0.9681811332702637
0.9604232311248779
0.9789220690727234
0.9663536548614502
0.9661751985549927
0.9841750264167786
1.0046523809432983
0.9910356998443604
0.9753445386886597
0.9780997633934021
0.9707327485084534
1.0024410486221313
1.0192469358444214
1.0152859687805176
0.9976440668106079
0.9820358753204346
0.9894895553588867
0.9736084342002869
1.006506085395813
0.9969926476478577
0.9657519459724426
0.9514286518096924
0.9632801413536072
0.9796231985092163
0.9931792616844177
0.9833903908729553
1.0063084363937378
0.9849002957344055
0.9924595952033997
0.9696662425994873
0.9701539874076843
0.9689400792121887
0.9821736812591553
0.9603921175003052
0.9948885440826416
0.9977723956108093
1.001439094543457
1.0399458408355713
1.0333460569381714
0.9795147180557251
0.9538111686706543
0.9260367155075073
0.9194437861442566
0.9624418020248413
1.015988826751709
1.0446728467941284
1.0740288496017456
1.1099413633346558
1.1007044315338135
1.0474778413772583
1.0608344078063965
1.0212699174880981
1.025886058807373
0.9876849055290222
1.022313117980957
1.0068782567977905
1.0281423330307007
1.0020112991333008
1.044809341430664
1.032751441001892
0.978845477104187
0.9481579661369324
0.9711569547653198
0.9981769323348999
1.0326403379440308
1.0902528762817383
1.0575674772262573
1.0273022651672363
1.0198979377746582
1.010807991027832
0.9989299178123474
1.0150436162948608
1.0202929973602295
1.037903070449829
1.0477880239486694
1.0206773281097412
1.0064769983291626
0.9919604659080505
0.9911172986030579
0.9516803026199341
0.9752891659736633
0.9520567059516907
0.9541030526161194
0.984588086605072
1.006855845451355
0.9603091478347778
0.9357110261917114
0.9147249460220337
0.9271522164344788
1.0209451913833618
1.033549427986145
0.9930012226104736
0.9582832455635071
0.9858399033546448
0.9812250733375549
0.9861610531806946
0.9528856873512268
0.9643236398696899
0.9464443325996399
0.9749207496643066
0.9785292148590088
0.9813067317008972
0.9822951555252075
1.0008665323257446
1.001328706741333
0.9385377168655396
0.9548053741455078
0.9366240501403809
0.9430350065231323
0.9764108061790466
0.9753167629241943
1.0077486038208008
1.0177934169769287
1.0038607120513916
1.0080517530441284
0.9895142316818237
0.9714711904525757
0.9656615853309631
0.9706358909606934
1.0336798429489136
1.0500555038452148
1.0477126836776733
1.0268558263778687
1.0407859086990356
1.0203404426574707
0.9808855652809143
1.0003695487976074
1.0179426670074463
0.9868605732917786
1.0062719583511353
0.9859809279441833
0.993843674659729
1.0027029514312744
1.0433728694915771
1.0387685298919678
1.0570927858352661
1.030696153640747
1.0128759145736694
0.9945336580276489
0.987700343132019
1.0291666984558105
1.0332573652267456
1.0101828575134277
0.9783176183700562
0.9462220668792725
0.9567537903785706
0.9890087246894836
0.9875923991203308
0.9968388676643372
0.9963811635971069
1.001493215560913
1.0223339796066284
1.0825610160827637
1.082391381263733
1.0453341007232666
1.0440553426742554
0.9724422693252563
0.9763591289520264
0.9658285975456238
0.9851064085960388
1.025411605834961
1.0365879535675049
1.0328088998794556
1.0449111461639404
1.0433956384658813
1.0692222118377686
1.0364484786987305
1.0430647134780884
1.0325613021850586
1.0412392616271973
1.0489639043807983
1.0764116048812866
1.053985595703125
1.0302189588546753
1.0405772924423218
1.0118114948272705
1.0231658220291138
1.0162076950073242
0.9748167395591736
0.9728357791900635
1.0135223865509033
1.0485165119171143
1.0501000881195068
1.0282976627349854
1.0695093870162964
1.0202813148498535
1.0286754369735718
1.0329850912094116
1.017720341682434
1.0278328657150269
1.0352400541305542
1.0413398742675781
1.0639958381652832
1.0445051193237305
1.0039637088775635
0.9991272687911987
0.9908612966537476
0.9683525562286377
0.9528290629386902
0.936978816986084
0.996974527835846
1.0134779214859009
1.002402663230896
1.043564796447754
1.012969970703125
0.9951401948928833
0.9481365084648132
0.996061384677887
1.020190954208374
1.0418627262115479
1.067063570022583
1.0439084768295288
1.0547056198120117
1.0320799350738525
1.0338470935821533
1.0165321826934814
1.0301976203918457
1.0421345233917236
0.9791803359985352
0.9643808603286743
1.0255815982818604
1.0110466480255127
1.0054068565368652
0.9974744915962219
0.9829539656639099
0.9800952076911926
0.994754433631897
1.0058542490005493
1.0087093114852905
1.006495714187622
1.0251743793487549
1.0125967264175415
0.9923089146614075
0.9558316469192505
0.9737651944160461
0.9784164428710938
0.9396048784255981
0.9038006663322449
0.9107814431190491
0.9579544067382813
0.9585222005844116
0.9658042788505554
0.9525260925292969
0.996290922164917
1.0063663721084595
0.9826806783676147
0.9720320701599121
0.9689310193061829
1.0098598003387451
1.0287699699401855
1.0275943279266357
1.0109610557556152
0.9776023030281067
1.0290284156799316
1.024364948272705
1.0038152933120728
0.9694817662239075
1.0196317434310913
0.9756984114646912
0.9808185696601868
0.9895128011703491
0.9646978974342346
0.9705490469932556
0.96967613697052
0.9819728136062622
0.9730455875396729
0.9881385564804077
0.9616621732711792
0.9350357055664063
0.938910961151123
0.958191454410553
0.9912777543067932
0.9610599279403687
0.9881792068481445
1.0099365711212158
1.039092779159546
1.0133447647094727
0.9999605417251587
1.0001649856567383
1.0044598579406738
0.9684533476829529
1.012833595275879
1.0228610038757324
0.9812195897102356
0.9638447165489197
0.9746308922767639
0.9604586958885193
0.9541549682617188
0.921854555606842
0.9345225691795349
0.9293660521507263
0.9300122261047363
0.9518044590950012
0.9700132608413696
0.9918757081031799
0.976641833782196
0.949411928653717
0.9626827239990234
1.012710452079773
0.9701352119445801
0.9514012932777405
0.9779127836227417
0.9678300619125366
0.9859909415245056
0.9496690034866333
0.9966925978660583
0.9740070104598999
1.0057040452957153
0.9900050759315491
0.9824060201644897
0.9580025672912598
0.9754514694213867
0.9736926555633545
0.9802138209342957
0.9780028462409973
0.953734815120697
0.9493743181228638
0.9392552971839905
0.9210297465324402
0.9101150035858154
0.9437667727470398
0.9197766780853271
0.9404662847518921
0.9610355496406555
0.9749768972396851
0.9556910395622253
0.9768486618995667
0.9887506365776062
0.9676358103752136
0.9547731876373291
0.9762203097343445
0.9765740633010864
0.9433889389038086
0.938662052154541
0.9127346277236938
0.9848399758338928
1.0107526779174805
0.9881598353385925
1.003255844116211
0.9676240682601929
0.9332377314567566
0.9203268885612488
0.9421496987342834
0.963006317615509
0.9839119911193848
0.9627323746681213
0.9424794912338257
0.9588006734848022
1.004830241203308
0.9801057577133179
0.9493974447250366
0.9666076302528381
0.9426689743995667
0.9478384852409363
0.9710121154785156
0.9984720945358276
0.9697570204734802
0.9463863968849182
0.9145292043685913
0.9026798605918884
0.8736013770103455
0.9141978025436401
0.9452695250511169
0.9579918384552002
0.9571051001548767
0.978266179561615
0.9262856245040894
0.9871447086334229
0.9359353184700012
0.9211069941520691
0.9176464676856995
0.9149571657180786
0.9233430624008179
0.9022911190986633
0.9038826823234558
0.9151363372802734
0.9087503552436829
0.9090818166732788
0.9115909934043884
0.8919084668159485
0.8917776346206665
0.8908669948577881
0.8965358138084412
0.9623591303825378
0.94129478931427
0.900887131690979
0.9167307019233704
0.887595534324646
0.8767296671867371
0.8558849692344666
0.8637398481369019
0.9223844408988953
0.92067950963974
0.9260634779930115
0.9612264633178711
0.9719279408454895
0.926653265953064
0.9123319983482361
0.8898205757141113
0.9478697776794434
0.9477347135543823
0.9104083180427551
0.9000046253204346
0.9163365960121155
0.9593002796173096
0.9775011539459229
0.9787003993988037
0.9223431348800659
0.9203587174415588
0.9251627326011658
0.8852204084396362
0.8902599811553955
0.9021928310394287
0.9018988609313965
0.8859883546829224
0.9096195101737976
0.9210612773895264
0.9325035810470581
0.9308871030807495
0.9308915734291077
0.9297804832458496
0.9552892446517944
0.9636078476905823
0.9181187152862549
0.9324284791946411
0.9203606247901917
0.8871092200279236
0.8842713236808777
0.8821800947189331
0.9019480347633362
0.8907875418663025
0.8519065976142883
0.8639319539070129
0.8371484279632568
0.8364700078964233
0.8343839645385742
0.8480110764503479
0.8632404804229736
0.8864691257476807
0.8867299556732178
0.8839597702026367
0.8665595054626465
0.8747797608375549
0.8920490145683289
0.879679799079895
0.8807928562164307
0.9121291041374207
0.8840797543525696
0.8628005385398865
0.8799840807914734
0.8841503858566284
0.9083274006843567
0.9192451238632202
0.936691164970398
0.9308441877365112
0.9372920989990234
0.9030288457870483
0.8756395578384399
0.8486109972000122
0.8762425780296326
0.8821871876716614
0.9134612679481506
0.9165725111961365
0.9298447966575623
0.9324028491973877
0.9347781538963318
0.9464178085327148
0.9291023015975952
0.9502107501029968
0.9695444703102112
0.9695311188697815
0.977777361869812
0.9324833750724792
0.9183749556541443
0.9182804226875305
0.9086959362030029
0.9327335357666016
0.9477018713951111
0.9508965015411377
0.9830089211463928
1.0150260925292969
0.9964847564697266
0.9988123178482056
0.9620633721351624
0.9357974529266357
0.9521536827087402
0.9077845811843872
0.9005097150802612
0.9306021332740784
0.9586811661720276
0.9540274143218994
0.9377298355102539
0.9125188589096069
0.9284233450889587
0.9255586266517639
0.9374685287475586
0.9653128385543823
0.9274299740791321
0.9120544791221619
0.931662917137146
0.9048957228660583
0.8594326972961426
0.8817102909088135
0.9081374406814575
0.8714462518692017
0.8430653810501099
0.8673497438430786
0.8493499755859375
0.8656662106513977
0.8774238228797913
0.8702110052108765
0.8602737188339233
0.8966560363769531
0.8897889852523804
0.9154898524284363
0.9336695671081543
0.9240267872810364
0.9423438906669617
0.9270806312561035
0.928673505783081
0.9113495349884033
0.9396546483039856
0.9966732859611511
1.0025856494903564
0.9819076061248779
0.944995641708374
0.9283106327056885
0.914145827293396
0.8876416087150574
0.9015013575553894
0.9022294878959656
0.8896080255508423
0.909246563911438
0.9069960713386536
0.9305811524391174
0.9486609697341919
0.9332635402679443
0.9217986464500427
0.9203199744224548
0.9316813945770264
0.9660104513168335
0.9694333076477051
0.9130484461784363
0.9229339361190796
0.9087293148040771
0.9129661321640015
0.9037356376647949
0.9185698628425598
0.9033586382865906
0.9309729933738708
0.9363014101982117
0.9140851497650146
0.9397926330566406
0.9343034029006958
0.9185498356819153
0.8707603812217712
0.9121092557907104
0.9019649028778076
0.8946826457977295
0.9121285676956177
0.8664212226867676
0.8162041902542114
0.8463481068611145
0.8775695562362671
0.8999608159065247
0.9082027077674866
0.9529014825820923
0.9872642159461975
0.9633287787437439
0.9182202816009521
0.9095768928527832
0.9048591256141663
0.9482841491699219
0.9543076157569885
0.9383682012557983
0.9294171333312988
0.9312905073165894
0.9375316500663757
0.9883894324302673
1.0022733211517334
1.0323957204818726
1.0195894241333008
0.9577428102493286
0.937710165977478
0.9607558250427246
0.9565508365631104
0.959021270275116
0.9512165188789368
0.9167226552963257
0.9667615294456482
0.9922100305557251
0.9859979748725891
0.9985835552215576
1.0339930057525635
1.0533462762832642
1.0395088195800781
1.0318331718444824
1.0212905406951904
0.9746928811073303
0.9319815039634705
0.9367004036903381
0.9600180983543396
0.9717484712600708
0.9791525602340698
0.971364438533783
0.967723548412323
0.9617995023727417
0.9434599280357361
0.9252744913101196
0.9501550197601318
0.9464023113250732
0.9184337854385376
0.9248575568199158
0.9143137335777283
0.906982421875
0.9556789994239807
1.001990795135498
1.0078781843185425
0.9893196225166321
0.9583362340927124
0.9768076539039612
0.981289267539978
0.9739385843276978
0.9907998442649841
0.9668689966201782
0.9702212810516357
0.9792279005050659
0.9373398423194885
0.9268783926963806
0.938530683517456
0.9652783274650574
0.9293013215065002
0.9015081524848938
0.9112322330474854
0.9000802636146545
0.9051719903945923
0.9073323607444763
0.9206058979034424
0.9362307786941528
0.9547120332717896
0.9414236545562744
0.9411495923995972
0.9459149241447449
0.9445263147354126
0.9773966073989868
1.0004918575286865
1.0149786472320557
1.0499550104141235
1.0215060710906982
0.9874927401542664
1.0002256631851196
0.9752130508422852
0.9807509779930115
0.9758526682853699
0.9466883540153503
0.978073239326477
0.953934907913208
0.946752667427063
0.9605250954627991
0.9077364802360535
0.881892740726471
0.9294013381004333
0.9676539897918701
0.9756399393081665
0.9864395260810852
1.0109171867370605
1.0230098962783813
1.0398932695388794
1.048696756362915
1.047000527381897
1.0141340494155884
0.9821879267692566
0.9840344786643982
0.9634019136428833
0.9964028000831604
0.9818143248558044
0.9641804099082947
0.9921800494194031
1.0180957317352295
0.9950376152992249
0.9959490895271301
1.009900450706482
0.9782096743583679
0.9590267539024353
0.971234917640686
0.9680898785591125
0.9836301803588867
1.0140619277954102
1.0024935007095337
1.0299100875854492
1.0181357860565186
1.0106281042099
0.987963080406189
1.03375244140625
1.0258846282958984
1.0073155164718628
0.9871551990509033
0.9699475169181824
0.9891183972358704
0.9573562741279602
0.9589307308197021
0.9679183959960938
0.980461597442627
1.0013377666473389
1.0058704614639282
0.996746838092804
1.0282418727874756
1.0404573678970337
1.0250296592712402
0.995123565196991
1.0480456352233887
1.0470690727233887
1.0595980882644653
1.0478019714355469
1.0418940782546997
1.0276528596878052
0.98471999168396
0.943433940410614
0.9336056709289551
0.938628077507019
0.9383888244628906
0.9274104833602905
0.9139607548713684
0.9354303479194641
0.9612805843353271
0.937783420085907
0.9587987065315247
0.9441515207290649
0.9137846827507019
0.9398704767227173
0.9087278842926025
0.9426165223121643
0.9799103140830994
0.9946388602256775
0.9680173397064209
0.9256032109260559
0.9265099167823792
0.9530373215675354
0.934097170829773
0.8880112767219543
0.8870801329612732
0.8781396746635437
0.8966639637947083
0.9100065231323242
0.9362662434577942
0.9352584481239319
0.8933491110801697
0.871657133102417
0.8562335968017578
0.9029036164283752
0.9136905670166016
0.9100131392478943
0.9124345183372498
0.9254153966903687
0.9414464831352234
0.9362270832061768
0.9286926984786987
0.9047372937202454
0.9032000303268433
0.9246583580970764
0.9075508117675781
0.9073671698570251
0.8861973285675049
0.8684370517730713
0.8532109260559082
0.8590137362480164
0.8830140233039856
0.9259571433067322
0.938277542591095
0.9203678965568542
0.9185614585876465
0.893426775932312
0.8909029364585876
0.9313890933990479
0.9332282543182373
0.9230179786682129
0.9494779109954834
0.9341415166854858
0.9636526703834534
0.9724744558334351
0.932759702205658
0.917650580406189
0.935100257396698
0.9502843618392944
0.8992350101470947
0.8905020356178284
0.9076228141784668
0.9268024563789368
0.8925449252128601
0.9211896061897278
0.904640257358551
0.8762182593345642
0.8431728482246399
0.9044055342674255
0.9442334175109863
0.942786693572998
0.9320659637451172
0.8778814673423767
0.8706744909286499
0.9037914872169495
0.9126048684120178
0.8882985711097717
0.8840170502662659
0.8765870928764343
0.9044755697250366
0.9340558648109436
0.9111974239349365
0.9012964367866516
0.8976183533668518
0.9095778465270996
0.9476696252822876
0.9121273756027222
0.9508896470069885
0.9437145590782166
0.9382110834121704
0.9139670133590698
0.9451714754104614
0.9220630526542664
0.9349639415740967
0.9586668014526367
0.9145373702049255
0.9068170189857483
0.9339409470558167
0.9353421330451965
0.915666937828064
0.918624222278595
0.913402795791626
0.9061803221702576
0.8472681641578674
0.8976288437843323
0.8981955051422119
0.9002842903137207
0.9070692658424377
0.9312311410903931
0.9612249135971069
0.9416602849960327
0.9417524933815002
0.9145873188972473
0.9477554559707642
0.9565686583518982
0.9488774538040161
0.9353795051574707
0.9534165263175964
0.9357091784477234
0.9154165387153625
0.9042267799377441
0.907052755355835
0.9588292241096497
0.9762823581695557
0.9847095608711243
0.9456339478492737
0.9969867467880249
0.9921032786369324
0.9918193221092224
1.0155043601989746
1.022904396057129
1.0848331451416016
1.0959327220916748
1.0566588640213013
1.0307244062423706
1.0277879238128662
1.0290632247924805
1.0148273706436157
0.9817981719970703
1.0082539319992065
1.031802773475647
1.0341025590896606
0.9965776205062866
1.0007003545761108
1.0172487497329712
1.0281598567962646
1.0437771081924438
1.061042308807373
1.0600364208221436
1.0341391563415527
1.024341344833374
1.008800745010376
0.9787590503692627
0.987711489200592
0.9710692167282104
1.0184866189956665
1.0204229354858398
0.982632577419281
1.0009267330169678
1.0179613828659058
1.0005528926849365
0.9764756560325623
0.9634674191474915
0.9474040269851685
0.9499874711036682
0.9710763692855835
0.9786339998245239
1.0070393085479736
1.051348328590393
1.0414714813232422
1.022110939025879
1.009058952331543
1.009560465812683
1.017133116722107
1.0262876749038696
0.9950222969055176
0.9696802496910095
0.9797172546386719
0.9670453667640686
0.9820587635040283
0.9795621037483215
0.9680725336074829
0.9422819018363953
0.9460488557815552
0.9427500367164612
0.9585267901420593
0.9896159172058105
0.9764026999473572
0.980211615562439
0.9697322249412537
0.9627472162246704
0.9447792172431946
0.978140652179718
0.9579368829727173
1.0019387006759644
1.0145102739334106
0.9772223830223083
1.0004229545593262
1.0117658376693726
1.0025389194488525
1.0063995122909546
0.9826659560203552
0.970396876335144
1.0031425952911377
1.0330244302749634
1.0055546760559082
0.9995685815811157
1.0140745639801025
1.0108562707901
1.001060962677002
0.9502924680709839
0.9440020322799683
0.9855663776397705
0.9833933115005493
0.9880704283714294
0.9830782413482666
0.9831475615501404
0.9844838976860046
0.9557251334190369
0.9643722772598267
0.9696906805038452
0.9937506914138794
1.0220296382904053
1.020875096321106
0.9875785112380981
0.9890934228897095
0.9566242694854736
1.0150145292282104
1.0382095575332642
1.0100816488265991
0.9902533292770386
1.0386316776275635
1.030667781829834
1.0216357707977295
0.9929502606391907
0.9494962692260742
0.9541735649108887
0.982711136341095
1.0074241161346436
0.9878430962562561
0.9861079454421997
1.0343674421310425
1.004611611366272
0.9997885227203369
0.9988851547241211
0.9474435448646545
0.9853314757347107
1.0126574039459229
1.0014827251434326
0.9537976980209351
0.9629884958267212
0.9840288758277893
0.9977996945381165
0.982204794883728
0.9966346621513367
1.0180449485778809
0.9880606532096863
0.9215980768203735
0.8926185369491577
0.8923332691192627
0.9341025352478027
0.9035523533821106
0.9342495799064636
0.9292617440223694
0.9352554678916931
0.9234201312065125
0.9518279433250427
0.9743755459785461
0.9958007335662842
1.0039676427841187
0.9927586913108826
0.9606098532676697
0.970431923866272
0.9939812421798706
0.9590629935264587
0.9523366689682007
0.938398003578186
0.9548141956329346
0.9717517495155334
0.9162945747375488
0.949145495891571
1.0049654245376587
0.9902796149253845
0.9586899876594543
0.9537360072135925
0.9547829031944275
0.9887954592704773
0.9990698099136353
0.9971373081207275
1.0180742740631104
0.9757727384567261
0.9529695510864258
0.9318298101425171
0.9534447193145752
0.9948722124099731
0.9764156937599182
0.9667532444000244
0.9406543374061584
1.0087990760803223
1.0293350219726563
0.9714521169662476
0.9791881442070007
1.01658034324646
0.978010892868042
0.9598276615142822
1.01132071018219
1.025905728340149
0.996583878993988
0.9890108704566956
1.0052279233932495
0.9837331175804138
0.9949499368667603
1.003582239151001
1.0239180326461792
1.0190951824188232
1.0095198154449463
1.0071499347686768
1.003753662109375
0.9888454675674438
1.0427029132843018
1.0466244220733643
1.03691565990448
1.06155526638031
1.069838523864746
1.1170246601104736
1.14383065700531
1.090470552444458
1.068808674812317
1.0311293601989746
1.031518816947937
1.0392131805419922
1.040989875793457
1.049180030822754
1.092490315437317
1.0707108974456787
1.0678095817565918
1.0501353740692139
1.076404094696045
1.0296903848648071
1.053383469581604
1.0528564453125
1.0470818281173706
1.0168983936309814
1.0044726133346558
1.030114769935608
1.0418319702148438
1.0484436750411987
1.0513417720794678
1.013507604598999
1.0065463781356812
1.0019534826278687
0.9838724732398987
1.031511664390564
1.0421141386032104
1.0524226427078247
1.0575703382492065
1.0706042051315308
1.032861351966858
1.0100361108779907
1.0603677034378052
1.062005639076233
1.0579859018325806
1.023309588432312
1.0343271493911743
0.9914901256561279
0.9933057427406311
1.0577495098114014
1.0681203603744507
1.0637630224227905
1.043879508972168
1.03095543384552
1.0196374654769897
1.0431112051010132
1.0834749937057495
1.1026794910430908
1.0940237045288086
1.0376447439193726
1.008374810218811
0.9814701676368713
0.9850629568099976
0.9601952433586121
0.9986616373062134
1.0143486261367798
1.0051361322402954
0.9941472411155701
1.01105535030365
0.9978724718093872
0.981971025466919
0.9862000346183777
0.9601627588272095
0.9837117791175842
0.997943639755249
1.0027576684951782
1.0280933380126953
1.0017354488372803
1.0312080383300781
1.0682653188705444
1.0265564918518066
1.0293339490890503
1.0364232063293457
1.001792311668396
1.0105947256088257
1.0265333652496338
1.0093673467636108
1.014770746231079
1.0692481994628906
1.0435407161712646
0.9977274537086487
0.9974558353424072
1.0249407291412354
1.0358625650405884
1.0173289775848389
1.0145928859710693
0.9994574785232544
0.964430570602417
0.9767876863479614
0.9964823722839355
1.0307170152664185
1.064919352531433
1.0439536571502686
1.058775544166565
1.0486646890640259
1.0168732404708862
1.0183292627334595
0.9805892109870911
0.9891535639762878
1.0160340070724487
1.0126677751541138
1.033393144607544
1.0340958833694458
1.0505450963974
1.0706714391708374
1.0639512538909912
1.0674796104431152
1.0789486169815063
1.000527262687683
1.0051233768463135
1.0382249355316162
1.0092275142669678
0.9805780053138733
0.9906765818595886
1.0116631984710693
0.9785094261169434
0.9638165831565857
0.9919922947883606
0.9857698082923889
1.0205479860305786
1.0054762363433838
0.9930955171585083
0.9924846887588501
1.023664951324463
1.0414944887161255
1.0169084072113037
1.030091404914856
1.0425840616226196
1.007171392440796
0.969588041305542
0.9709460735321045
1.0054816007614136
1.041507363319397
1.0657886266708374
1.02294921875
1.031248927116394
1.0360230207443237
1.0163853168487549
1.0012637376785278
0.9971340894699097
0.9743817448616028
1.036341905593872
1.0110822916030884
1.0246336460113525
1.0428577661514282
1.0262328386306763
1.0212981700897217
0.9895153045654297
1.005921483039856
0.9891786575317383
0.9830608367919922
1.0112617015838623
1.0561481714248657
1.063067078590393
1.0410356521606445
1.0271605253219604
1.0310686826705933
1.0090534687042236
1.0185071229934692
1.0273908376693726
1.0412626266479492
1.0464332103729248
1.069602370262146
1.0291842222213745
1.0275683403015137
0.9910032153129578
0.9793838262557983
0.9812735319137573
1.0080331563949585
0.9977574348449707
0.9535083770751953
1.0057090520858765
1.0648807287216187
1.0355346202850342
1.0562868118286133
1.0282747745513916
1.0114166736602783
0.9622092843055725
0.9518771767616272
0.9920522570610046
0.9790058135986328
1.0505309104919434
1.0574076175689697
1.0118423700332642
0.9638386368751526
0.9336267113685608
0.9422653317451477
0.9588893055915833
0.9722080230712891
0.9860357046127319
0.9986143708229065
1.0088225603103638
1.0289713144302368
0.9962895512580872
0.9921176433563232
0.9777987003326416
0.9936391711235046
1.0140953063964844
1.0313268899917603
1.027866005897522
1.0278714895248413
1.0165095329284668
1.0281941890716553
1.0396894216537476
1.0412545204162598
1.0199768543243408
1.0160956382751465
1.0235638618469238
1.0257314443588257
0.9899893403053284
1.0064114332199097
1.0359349250793457
1.0434834957122803
1.0434026718139648
1.0531249046325684
1.0589418411254883
1.065083622932434
1.0700808763504028
1.0435585975646973
1.0122442245483398
0.9988903999328613
1.0085762739181519
0.9996896386146545
0.9885578155517578
0.9843692183494568
0.99422287940979
0.9880438446998596
0.9956469535827637
1.007606863975525
1.0216301679611206
1.0093022584915161
1.0194294452667236
1.0169403553009033
0.9822932481765747
0.9540362358093262
0.950939953327179
0.9423080682754517
0.9619193077087402
0.968116044998169
0.9279428720474243
0.911561131477356
0.9147999286651611
0.8931840062141418
0.8554798364639282
0.8577178120613098
0.8514190316200256
0.884028971195221
0.8751115202903748
0.8840474486351013
0.8956451416015625
0.9076554775238037
0.9065948724746704
0.9047648906707764
0.9254404902458191
0.9363877177238464
0.9578554034233093
0.9842748641967773
0.966507077217102
0.9400321245193481
0.938142716884613
0.9298115968704224
0.9493177533149719
0.9738932251930237
0.967582106590271
0.9528290629386902
0.9655953049659729
0.9990778565406799
0.9823786616325378
0.9778191447257996
0.9716982841491699
0.9674637913703918
0.9549850821495056
0.9810578227043152
0.9776586294174194
0.9557655453681946
1.0146981477737427
1.0231841802597046
1.0295683145523071
1.0234134197235107
1.039798617362976
1.0576282739639282
1.0293092727661133
0.9854772686958313
0.9675204157829285
0.9689388871192932
0.96853107213974
0.9781103134155273
1.0082134008407593
1.0208330154418945
1.013225793838501
1.0204633474349976
0.989710807800293
1.01878821849823
1.0434985160827637
1.0628712177276611
1.1065056324005127
1.1150202751159668
1.13813316822052
1.132605791091919
1.108987808227539
1.082330346107483
1.0442326068878174
1.0081229209899902
1.012099027633667
1.0130215883255005
1.002366304397583
1.0092591047286987
0.9953814744949341
1.010511040687561
1.0201014280319214
1.039738655090332
1.030192494392395
0.9925980567932129
0.9848356246948242
0.9880893230438232
0.9706978797912598
0.9968782067298889
1.0099395513534546
0.9912848472595215
1.0069653987884521
1.0469621419906616
1.05520498752594
1.0045788288116455
0.9895736575126648
1.015709638595581
1.0193886756896973
1.0276063680648804
1.002804160118103
1.0195939540863037
1.0236619710922241
1.0223037004470825
1.0622520446777344
1.0557160377502441
1.0696369409561157
1.02676522731781
1.0519294738769531
1.054182529449463
1.0134117603302002
1.0164517164230347
1.0283184051513672
1.0475475788116455
1.001097559928894
0.9818983674049377
0.9826895594596863
0.9924888610839844
1.0103684663772583
1.0159984827041626
0.9883615970611572
0.959820032119751
0.9442578554153442
0.9337390065193176
0.987194299697876
0.9695137739181519
0.950273871421814
0.9601683616638184
0.9632447957992554
0.9904449582099915
0.9887582659721375
1.0006003379821777
0.9951345920562744
0.9924641847610474
1.0093140602111816
1.0173532962799072
1.0008281469345093
1.0310403108596802
1.012883186340332
1.0148776769638062
1.0104670524597168
1.0132430791854858
0.9784395694732666
0.9880014061927795
1.0302138328552246
1.083182454109192
1.0948448181152344
1.0648287534713745
1.03810453414917
1.015641450881958
0.9951372742652893
0.9730051755905151
0.9557431936264038
0.991637647151947
1.0034153461456299
1.0028198957443237
1.008371353149414
1.0108253955841064
0.992984414100647
0.9859771132469177
0.9928479790687561
1.0167230367660522
1.0460113286972046
1.0117840766906738
1.0095266103744507
0.9961019158363342
0.9842714071273804
1.0029582977294922
1.0045684576034546
0.9878203868865967
0.9684969782829285
0.9801648855209351
1.0002295970916748
1.0190175771713257
1.0354832410812378
1.0188624858856201
1.0216443538665771
1.0497573614120483
1.0119292736053467
1.0092368125915527
0.9825724959373474
1.0050712823867798
1.033644437789917
1.011664628982544
0.9760424494743347
0.9573127031326294
0.9855495691299438
1.009987473487854
1.0096627473831177
1.0484453439712524
1.0773305892944336
1.1347899436950684
1.0992813110351563
1.0717058181762695
1.0608150959014893
1.0705674886703491
1.0354365110397339
1.050372838973999
1.0471001863479614
1.0729576349258423
1.0318078994750977
1.0302900075912476
1.0182965993881226
1.0216838121414185
1.0077412128448486
1.017371416091919
0.975490152835846
0.9493452310562134
0.975371241569519
0.9720436930656433
0.9438926577568054
0.9913883209228516
0.9919714331626892
0.9849383234977722
0.9937788248062134
1.0061933994293213
0.9838215112686157
0.9970129728317261
1.0024527311325073
0.9893836975097656
1.0200133323669434
1.0090504884719849
1.0008102655410767
0.9738638401031494
1.0053563117980957
1.020505666732788
1.0250513553619385
1.0313471555709839
1.0065354108810425
1.009950041770935
1.0516489744186401
1.0570342540740967
1.0240142345428467
1.0016642808914185
0.9827937483787537
0.9611217379570007
0.9812789559364319
1.0177630186080933
0.9877349138259888
0.9686450362205505
0.9854715466499329
1.024147391319275
1.0074270963668823
1.031410813331604
1.0644806623458862
1.0885668992996216
1.0755856037139893
1.053185224533081
1.0226836204528809
1.0376003980636597
1.0704493522644043
1.0611480474472046
1.0445295572280884
1.0471599102020264
1.0265692472457886
1.042504906654358
1.0281288623809814
1.0271327495574951
1.0527340173721313
1.0562412738800049
1.0570027828216553
1.0527006387710571
1.0496026277542114
1.048917293548584
1.0383245944976807
1.077351450920105
1.1127935647964478
1.1332849264144897
1.1380746364593506
1.1021807193756104
1.0612581968307495
1.0672954320907593
1.0937775373458862
1.0733156204223633
1.0506155490875244
1.0777947902679443
1.123954176902771
1.160017728805542
1.1117280721664429
1.0912292003631592
1.0467194318771362
1.0821590423583984
1.0563256740570068
1.0433807373046875
1.019625186920166
1.0839660167694092
1.0843368768692017
1.0939754247665405
1.124084711074829
1.106473684310913
1.093960165977478
1.0524531602859497
1.0385912656784058
1.058819055557251
1.0981571674346924
1.1298140287399292
1.1176323890686035
1.057705044746399
1.0705788135528564
1.1045786142349243
1.1068745851516724
1.0635815858840942
1.0223681926727295
0.9698995351791382
0.9844502210617065
0.9689927101135254
0.9988487362861633
1.0207217931747437
1.0515754222869873
1.0304535627365112
1.0340526103973389
1.0720524787902832
1.0554629564285278
1.0829676389694214
1.1056514978408813
1.1012550592422485
1.0325855016708374
1.0232340097427368
1.0478546619415283
1.0502194166183472
1.0634591579437256
1.0532453060150146
1.0492396354675293
1.0345275402069092
1.0562824010849
1.0575536489486694
1.0815353393554688
1.0395309925079346
1.0179297924041748
1.0558929443359375
1.0304625034332275
1.0351473093032837
1.04806649684906
1.0466156005859375
1.0131791830062866
1.0453466176986694
1.0836445093154907
1.1146156787872314
1.0991840362548828
1.0815949440002441
1.0440055131912231
1.0347415208816528
1.0480058193206787
1.0262808799743652
1.038877248764038
1.0170683860778809
1.0607625246047974
1.0695531368255615
1.053823709487915
1.017496943473816
1.0109984874725342
1.004258394241333
1.006736159324646
1.0008432865142822
1.0003076791763306
1.0109361410140991
0.9977365732192993
1.0013114213943481
1.0478003025054932
1.0750346183776855
1.050752878189087
1.0436557531356812
1.0324344635009766
1.0249029397964478
1.051029920578003
0.9905759692192078
0.9892938733100891
0.9883007407188416
0.9597063064575195
0.9486236572265625
0.9438208341598511
0.9619349241256714
0.9365718960762024
0.946020781993866
0.9941326975822449
1.0040959119796753
0.9424718022346497
0.9568955898284912
0.9613245129585266
0.9653573036193848
0.9919454455375671
1.0030461549758911
1.0360430479049683
1.0234440565109253
0.9984905123710632
0.9816879630088806
0.9797473549842834
0.9757922887802124
0.993080735206604
1.045425534248352
1.064365267753601
1.033674955368042
1.064375400543213
1.0472341775894165
0.9733206629753113
0.9903022050857544
0.9787659645080566
0.9832348227500916
0.9944241642951965
1.0326710939407349
1.0361334085464478
1.0477039813995361
1.0389024019241333
1.0373798608779907
1.0760791301727295
1.0252087116241455
1.034531831741333
0.9821592569351196
0.9709408283233643
0.9839048981666565
0.9855166673660278
1.021720290184021
1.0454699993133545
1.0559799671173096
1.0443569421768188
1.0069891214370728
1.011919617652893
1.0423682928085327
1.0639827251434326
1.0754892826080322
1.0269973278045654
1.0561739206314087
1.0523229837417603
1.0359344482421875
1.0006070137023926
0.9934572577476501
0.9928845167160034
1.0178548097610474
1.0860568284988403
1.0819443464279175
1.0802761316299438
1.081963062286377
1.0300315618515015
1.0640760660171509
1.042400598526001
1.0581257343292236
1.0278164148330688
1.0675413608551025
1.069846272468567
1.070717215538025
1.0770213603973389
1.0183626413345337
1.0229438543319702
1.0201952457427979
1.009069800376892
1.0447754859924316
1.0507760047912598
1.0077542066574097
1.036247968673706
1.0458173751831055
1.061070203781128
1.0350861549377441
1.0322833061218262
1.010359764099121
1.0443954467773438
1.052342176437378
1.022830843925476
1.0238924026489258
1.025756597518921
1.0308409929275513
0.979008674621582
0.9666429758071899
0.9921841025352478
1.0061557292938232
1.0452687740325928
1.0546181201934814
1.0047215223312378
0.9821734428405762
0.9653446078300476
0.9361602067947388
0.9447822570800781
0.9484121203422546
1.007402777671814
1.010023593902588
1.0091897249221802
0.9777107238769531
0.9680832624435425
1.0021775960922241
1.0081192255020142
1.0527453422546387
1.0651826858520508
1.0150848627090454
0.990685224533081
0.9640406966209412
0.990213930606842
0.992493748664856
1.0175460577011108
0.9950405359268188
1.0043566226959229
1.0065782070159912
1.019269585609436
0.9952009916305542
1.0054190158843994
1.0180528163909912
1.0250613689422607
0.9996775388717651
1.0163307189941406
1.067320466041565
1.0191776752471924
1.0287307500839233
1.0407326221466064
1.0360537767410278
1.049025297164917
1.0422519445419312
1.003732442855835
0.997204601764679
0.9756495952606201
1.0179858207702637
1.0995798110961914
1.0989441871643066
1.093149185180664
1.0963528156280518
1.114907145500183
1.0914982557296753
1.1074626445770264
1.0689159631729126
1.0302879810333252
1.0429048538208008
1.0464586019515991
1.0713502168655396
1.107494592666626
1.0979772806167603
1.0441393852233887
1.0051418542861938
1.0343115329742432
1.0462331771850586
1.0662962198257446
1.1029986143112183
1.1151342391967773
1.0922613143920898
1.1598186492919922
1.1346722841262817
1.0798319578170776
1.047317385673523
1.0016039609909058
1.0210208892822266
1.0160049200057983
1.0338503122329712
1.0242494344711304
1.0373700857162476
1.0494517087936401
1.0775636434555054
1.1162227392196655
1.1008647680282593
1.1121175289154053
1.0935251712799072
1.0844295024871826
1.1052777767181396
1.0842097997665405
1.0821032524108887
1.0660954713821411
1.0822383165359497
1.065758228302002
1.0824220180511475
1.0690604448318481
1.0552102327346802
1.0788713693618774
1.0738308429718018
1.0170304775238037
1.0457581281661987
1.0821187496185303
1.1140865087509155
1.1246521472930908
1.100774884223938
1.0604640245437622
1.035584807395935
1.0514267683029175
1.0649696588516235
1.0503592491149902
1.0642755031585693
1.0912752151489258
1.0482956171035767
1.0710586309432983
1.0811032056808472
1.0681546926498413
1.063515067100525
1.073442816734314
1.0849947929382324
1.1050664186477661
1.1143794059753418
1.1361351013183594
1.121390700340271
1.1195094585418701
1.1007193326950073
1.121340274810791
1.1138432025909424
1.11335027217865
1.1163804531097412
1.1035946607589722
1.0855631828308105
1.1233493089675903
1.0978072881698608
1.1085325479507446
1.1334888935089111
1.0876736640930176
1.0707601308822632
1.1376041173934937
1.1817986965179443
1.153799057006836
1.1452676057815552
1.115456223487854
1.098683476448059
1.1084052324295044
1.0969148874282837
1.090482234954834
1.0903451442718506
1.0621966123580933
1.0507171154022217
1.053934931755066
1.0513256788253784
1.04478120803833
1.089149832725525
1.0926533937454224
1.1059056520462036
1.0569545030593872
1.0818288326263428
1.0760178565979004
1.0703132152557373
1.104465126991272
1.1080173254013062
1.0834007263183594
1.0793430805206299
1.0613559484481812
1.0850191116333008
1.0698182582855225
1.0172759294509888
1.035943865776062
1.05333411693573
1.0868031978607178
1.1008578538894653
1.0929858684539795
1.109123945236206
1.1286555528640747
1.115598201751709
1.111132025718689
1.0784757137298584
1.0679075717926025
1.0507087707519531
1.0381476879119873
1.091752052307129
1.1198440790176392
1.0633516311645508
1.045692801475525
1.0209250450134277
1.0622496604919434
1.0659310817718506
1.0885268449783325
1.1143057346343994
1.1425654888153076
1.1012535095214844
1.0754334926605225
1.0237717628479004
1.0715104341506958
1.0616066455841064
1.0545520782470703
1.106683611869812
1.164473056793213
1.1287651062011719
1.0843743085861206
1.0740301609039307
1.054903268814087
1.089152455329895
1.103837013244629
1.1271799802780151
1.1093801259994507
1.129071831703186
1.1035548448562622
1.1632778644561768
1.1906664371490479
1.1589295864105225
1.1491962671279907
1.123010277748108
1.1136728525161743
1.1205811500549316
1.1086468696594238
1.0820719003677368
1.1026463508605957
1.1331021785736084
1.1319726705551147
1.1366568803787231
1.1078258752822876
1.1275959014892578
1.0739107131958008
1.0956754684448242
1.065049409866333
1.0766092538833618
1.1441413164138794
1.1345592737197876
1.154544472694397
1.149499773979187
1.129101276397705
1.1276171207427979
1.0961567163467407
1.10833740234375
1.082108736038208
1.062885046005249
1.069095253944397
1.1156398057937622
1.1247462034225464
1.1311070919036865
1.1606698036193848
1.167443871498108
1.196137547492981
1.1459646224975586
1.1296274662017822
1.1233406066894531
1.102704644203186
1.0826646089553833
1.066117525100708
1.0942342281341553
1.0367436408996582
1.0279042720794678
1.0799860954284668
1.111951470375061
1.095608115196228
1.1001381874084473
1.1038204431533813
1.1293028593063354
1.1588895320892334
1.1656365394592285
1.1448372602462769
1.1262576580047607
1.1349817514419556
1.153441071510315
1.1524192094802856
1.1245977878570557
1.131726622581482
1.1214909553527832
1.1418216228485107
1.141871690750122
1.1288137435913086
1.1090365648269653
1.1241000890731812
1.145079493522644
1.1429115533828735
1.1813712120056152
1.1857906579971313
1.1933588981628418
1.1660709381103516
1.1664859056472778
1.1305967569351196
1.1370455026626587
1.1563541889190674
1.1744379997253418
1.188265085220337
1.1541574001312256
1.107736587524414
1.0554041862487793
1.0822030305862427
1.0884833335876465
1.1435985565185547
1.1200079917907715
1.1100521087646484
1.1006577014923096
1.0657259225845337
1.1023813486099243
1.1053690910339355
1.0974167585372925
1.0869194269180298
1.050645351409912
1.0669338703155518
1.077783465385437
1.0220515727996826
1.0506172180175781
1.0818800926208496
1.0612564086914063
1.0681016445159912
1.028544306755066
1.0318870544433594
1.0470335483551025
1.0569038391113281
1.0671414136886597
1.0685162544250488
1.1128435134887695
1.104710578918457
1.098013997077942
1.086286187171936
1.0567747354507446
1.0571550130844116
1.100769281387329
1.1122829914093018
1.105281949043274
1.0913935899734497
1.0723328590393066
1.1020244359970093
1.0744481086730957
1.0751352310180664
1.0916783809661865
1.1261978149414063
1.1180193424224854
1.1190470457077026
1.1039478778839111
1.1004711389541626
1.1438157558441162
1.1220078468322754
1.0818532705307007
1.0682791471481323
1.061500072479248
1.0675714015960693
1.0714367628097534
1.0350168943405151
1.080099105834961
1.1142207384109497
1.1420531272888184
1.1201517581939697
1.0965723991394043
1.12215256690979
1.1524275541305542
1.1710728406906128
1.1768463850021362
1.1402987241744995
1.1264487504959106
1.1550065279006958
1.1826258897781372
1.1241933107376099
1.11188542842865
1.1077951192855835
1.1135443449020386
1.1071726083755493
1.1213924884796143
1.1121163368225098
1.0872139930725098
1.1241759061813354
1.1285208463668823
1.1000654697418213
1.0546927452087402
1.0727185010910034
1.1053979396820068
1.0974329710006714
1.1233347654342651
1.1288501024246216
1.1209293603897095
1.1722674369812012
1.136470913887024
1.134615421295166
1.1624419689178467
1.1411505937576294
1.167970061302185
1.1691997051239014
1.1802899837493896
1.1725386381149292
1.1371138095855713
1.0886905193328857
1.0842913389205933
1.0799471139907837
1.0699117183685303
1.09663987159729
1.093511939048767
1.127793550491333
1.1094460487365723
1.084161400794983
1.075707197189331
1.0957657098770142
1.1136893033981323
1.1496365070343018
1.1848974227905273
1.1958481073379517
1.1864627599716187
1.174957513809204
1.1587984561920166
1.1190074682235718
1.1182880401611328
1.1337920427322388
1.111863613128662
1.0435563325881958
1.0231183767318726
1.007315993309021
1.0044584274291992
1.0435733795166016
1.0656986236572266
1.0544408559799194
1.0702513456344604
1.0564360618591309
1.0642764568328857
1.0370211601257324
1.0565065145492554
1.0520151853561401
1.0580037832260132
1.0257532596588135
1.0070438385009766
1.0226531028747559
1.074075698852539
1.1158101558685303
1.113181471824646
1.1444283723831177
1.126448392868042
1.0559717416763306
1.03892183303833
0.9831529259681702
1.0440031290054321
1.0794589519500732
1.0970968008041382
1.1418343782424927
1.12310791015625
1.0903176069259644
1.051703929901123
1.0653539896011353
1.0505871772766113
1.0305335521697998
1.0663414001464844
1.0294519662857056
1.054401159286499
1.0864180326461792
1.1045621633529663
1.1125115156173706
1.1157898902893066
1.1363840103149414
1.1108554601669312
1.0781326293945313
1.0877097845077515
1.0711668729782104
1.051717758178711
1.036964774131775
1.063117504119873
1.1000853776931763
1.0880616903305054
1.1263796091079712
1.147310495376587
1.156677007675171
1.139336347579956
1.149993896484375
1.1355252265930176
1.1462812423706055
1.1361174583435059
1.1643807888031006
1.1604665517807007
1.1585313081741333
1.1802647113800049
1.1814149618148804
1.1826491355895996
1.161978840827942
1.1546419858932495
1.1315557956695557
1.1515464782714844
1.1599781513214111
1.1811034679412842
1.1755377054214478
1.1505674123764038
1.1738228797912598
1.170960545539856
1.1271343231201172
1.1405829191207886
1.1407911777496338
1.1614909172058105
1.1442430019378662
1.1138614416122437
1.1166373491287231
1.1536203622817993
1.1164426803588867
1.080729365348816
1.0329179763793945
1.0466679334640503
0.9960650205612183
0.9971990585327148
1.000874638557434
0.9988002777099609
1.0036606788635254
1.0391647815704346
1.0750540494918823
1.0890436172485352
1.0958665609359741
1.0953197479248047
1.103999376296997
1.0965608358383179
1.0817973613739014
1.0515269041061401
1.015625
1.0654429197311401
1.08513343334198
1.0990777015686035
1.0563476085662842
1.0834203958511353
1.071832537651062
1.0833061933517456
1.1126046180725098
1.1018352508544922
1.0855674743652344
1.0902690887451172
1.0703797340393066
1.1041618585586548
1.106943130493164
1.069317102432251
1.0799965858459473
1.089516043663025
1.1042982339859009
1.097952961921692
1.1004687547683716
1.0847004652023315
1.089802861213684
1.0962393283843994
1.0730209350585938
1.0603611469268799
1.0464613437652588
1.0781785249710083
1.0992790460586548
1.0875684022903442
1.0452479124069214
1.0456255674362183
1.0854442119598389
1.0741101503372192
1.114195704460144
1.109065294265747
1.0890674591064453
1.0757960081100464
1.103775143623352
1.0752638578414917
1.117111325263977
1.0535484552383423
1.0325322151184082
1.0886386632919312
1.0724996328353882
1.07041597366333
1.0892343521118164
1.0449626445770264
1.0522006750106812
1.0656028985977173
1.0536984205245972
1.0813922882080078
1.0549066066741943
1.0847809314727783
1.083837866783142
1.104689121246338
1.1284213066101074
1.0897674560546875
1.0984874963760376
1.0894079208374023
1.083267331123352
1.1118214130401611
1.1618704795837402
1.160348892211914
1.1242905855178833
1.0777788162231445
1.047329306602478
1.0091907978057861
1.063421368598938
1.0926969051361084
1.114520788192749
1.104905128479004
1.135759711265564
1.1137605905532837
1.1314469575881958
1.1739811897277832
1.180033802986145
1.1795862913131714
1.1394115686416626
1.1324325799942017
1.0984512567520142
1.0733942985534668
1.0932776927947998
1.0908010005950928
1.1389150619506836
1.1291310787200928
1.117642879486084
1.0988110303878784
1.138380765914917
1.117257833480835
1.1067954301834106
1.0931339263916016
1.0566633939743042
1.0407284498214722
1.0468961000442505
1.0984485149383545
1.121483325958252
1.1242092847824097
1.137152075767517
1.1611034870147705
1.1696008443832397
1.1348810195922852
1.1625388860702515
1.135197639465332
1.0996136665344238
1.0803024768829346
1.0887882709503174
1.0674437284469604
1.0525248050689697
1.0604360103607178
1.0627732276916504
1.081628441810608
1.0758241415023804
1.0525145530700684
1.037642002105713
1.0620622634887695
1.0420554876327515
1.0348562002182007
1.0339033603668213
1.0695992708206177
1.066826581954956
1.066339373588562
1.0644495487213135
1.063259482383728
1.0759704113006592
1.1035860776901245
1.0847043991088867
1.0487016439437866
1.020536184310913
1.0464704036712646
1.1029108762741089
1.089200735092163
1.1251434087753296
1.1014901399612427
1.0889524221420288
1.0826126337051392
1.0796725749969482
1.0894502401351929
1.0970172882080078
1.065606713294983
1.0695719718933105
1.028969168663025
1.0507935285568237
1.0865486860275269
1.0511213541030884
1.0517727136611938
1.047175407409668
0.9959166646003723
1.0192673206329346
0.9888796210289001
1.0132495164871216
0.997651219367981
1.067763090133667
1.0979185104370117
1.0970120429992676
1.0829826593399048
1.0511118173599243
1.0471423864364624
1.0785449743270874
1.121002435684204
1.0917737483978271
1.0715692043304443
1.049345850944519
1.0819748640060425
1.0618153810501099
1.0691953897476196
1.0909569263458252
1.1118464469909668
1.125514268875122
1.0920944213867188
1.066043496131897
1.045032024383545
1.048923373222351
1.042894721031189
1.0862276554107666
1.081628680229187
1.1100213527679443
1.122243046760559
1.1135419607162476
1.1062679290771484
1.1127678155899048
1.1100172996520996
1.0786985158920288
1.0370957851409912
0.999789297580719
1.0099899768829346
